64
64
64
64
64
64
64
64
65
65
65
65
66
66
66
66
67
67
68
68
68
69
69
69
70
70
70
71
71
72
74
74
74
74
75
76
76
78
78
78
78
79
80
80
80
81
81
81
81
82
85
86
89
89
90
91
91
91
92
93
95
96
96
99
99
99
100
101
104
105
105
108
108
112
114
118
119
119
124
124
124
125
125
125
125
126
127
127
127
127
127
127
127
127
127
127
127
127
127
127
127
127
127
127
127
127
131
131
132
133
133
133
134
134
136
138
138
139
139
141
146
146
149
150
151
155
155
156
156
158
158
159
163
166
166
169
171
172
175
175
176
178
181
183
186
186
188
189
189
191
192
193
194
195
196
197
202
203
203
205
216
220
223
238
241
243
248
251
260
261
283
290
305
309
311
312
321
322
322
322
326
333
351
359
359
365
396
399
403
409
412
414
417
425
446
463
473
523
525
533
586
601
613
631
649
713
728
730
768
828
869
874
900
950
954
972
1000
1001
1013
1030
1035
1056
1080
1108
1187
1196
1243
1266
1328
1344
1350
1392
1399
1416
1502
1632
1643
1689
1724
1764
1785
1798
1890
1926
1962
2085
2110
2214
2221
2251
2268
2283
2383
2386
2387
2422
2652
2760
2766
2772
2800
2830
2848
2896
2949
3094
3100
3155
3187
3409
3424
3434
3563
3731
3888
3963
4049
4328
4453
4572
4783
4869
4872
4948
4979
5022
5027
5063
5138
5151
5253
5432
5435
5475
5577
5600
5813
5826
5909
6021
6437
6559
6565
6619
6786
6844
6961
7076
7136
7180
7193
7368
7381
7497
7579
7650
7694
7915
8248
8291
8363
8829
9204
9301
9679
9725
9860
10011
10156
10522
10652
10846
10850
10877
11068
11116
11273
11331
11677
12270
12300
12490
12619
13071
13116
13407
13542
13553
13621
13898
14025
14455
14658
14741
14964
15240
15787
15839
16180
16293
17235
17280
17706
18115
18156
18509
19223
19237
19917
20184
20199
20222
20450
20472
20809
21775
21994
22047
23166
24012
24788
25185
25825
26044
26897
27153
29558
30621
31257
31333
39976
