ID	lgth	out	in	long_cov	short1_cov	short1_Ocov	short2_cov	short2_Ocov	long_nb	short1_nb	short2_nb
1	17	1	2	0.000000	19.058824	7.941176	0.000000	0.000000	0	0	0
2	25	1	2	0.000000	22.320000	14.320000	0.000000	0.000000	0	0	0
3	18	1	2	0.000000	21.055556	5.777778	0.000000	0.000000	0	0	0
4	56	1	1	0.000000	19.517857	13.071429	0.000000	0.000000	0	0	0
5	20	1	1	0.000000	23.150000	14.950000	0.000000	0.000000	0	0	0
6	41	1	2	0.000000	26.414634	19.536585	0.000000	0.000000	0	0	0
7	15	1	2	0.000000	17.133333	14.600000	0.000000	0.000000	0	0	0
8	24	1	2	0.000000	21.291667	12.666667	0.000000	0.000000	0	0	0
9	28	2	2	0.000000	23.250000	18.750000	0.000000	0.000000	0	0	0
10	12	2	1	0.000000	24.583333	13.333333	0.000000	0.000000	0	0	0
11	6	2	1	0.000000	25.000000	15.666667	0.000000	0.000000	0	0	0
12	3	1	1	0.000000	26.000000	19.000000	0.000000	0.000000	0	0	0
13	34	1	2	0.000000	30.176471	22.617647	0.000000	0.000000	0	0	0
14	2	2	1	0.000000	27.500000	18.500000	0.000000	0.000000	0	0	0
15	49	1	2	0.000000	17.102041	13.142857	0.000000	0.000000	0	0	0
16	38	1	2	0.000000	19.947368	14.052632	0.000000	0.000000	0	0	0
17	14	1	2	0.000000	17.214286	9.428571	0.000000	0.000000	0	0	0
18	95	2	2	0.000000	18.600000	13.042105	0.000000	0.000000	0	0	0
19	10	2	1	0.000000	24.400000	19.300000	0.000000	0.000000	0	0	0
20	10	1	1	0.000000	1.200000	1.200000	0.000000	0.000000	0	0	0
21	4	2	2	0.000000	24.250000	4.000000	0.000000	0.000000	0	0	0
22	1	1	1	0.000000	24.000000	16.000000	0.000000	0.000000	0	0	0
23	2	1	1	0.000000	25.500000	15.000000	0.000000	0.000000	0	0	0
24	5	2	2	0.000000	22.800000	5.200000	0.000000	0.000000	0	0	0
25	19	1	1	0.000000	23.315789	11.157895	0.000000	0.000000	0	0	0
26	26	1	2	0.000000	13.423077	7.153846	0.000000	0.000000	0	0	0
27	36	1	2	0.000000	16.027778	9.555556	0.000000	0.000000	0	0	0
28	63	2	2	0.000000	19.111111	15.746032	0.000000	0.000000	0	0	0
29	81	1	2	0.000000	20.320988	11.851852	0.000000	0.000000	0	0	0
30	9	2	2	0.000000	18.777778	12.222222	0.000000	0.000000	0	0	0
31	31	1	1	0.000000	1.000000	1.000000	0.000000	0.000000	0	0	0
32	4	1	2	0.000000	1.750000	1.750000	0.000000	0.000000	0	0	0
33	9	2	1	0.000000	21.000000	11.555556	0.000000	0.000000	0	0	0
34	1	2	1	0.000000	18.000000	10.000000	0.000000	0.000000	0	0	0
35	31	1	1	0.000000	1.096774	1.096774	0.000000	0.000000	0	0	0
36	14	1	1	0.000000	23.214286	16.071429	0.000000	0.000000	0	0	0
37	130	1	2	0.000000	15.469231	12.076923	0.000000	0.000000	0	0	0
38	46	2	1	0.000000	18.391304	13.130435	0.000000	0.000000	0	0	0
39	41	1	2	0.000000	16.853659	9.975610	0.000000	0.000000	0	0	0
40	21	1	2	0.000000	24.904762	11.761905	0.000000	0.000000	0	0	0
41	121	1	2	0.000000	22.016529	13.107438	0.000000	0.000000	0	0	0
42	75	2	2	0.000000	22.013333	14.320000	0.000000	0.000000	0	0	0
43	17	1	1	0.000000	17.941176	14.411765	0.000000	0.000000	0	0	0
44	4	1	2	0.000000	17.250000	14.250000	0.000000	0.000000	0	0	0
45	56	2	1	0.000000	19.107143	12.000000	0.000000	0.000000	0	0	0
46	15	1	1	0.000000	22.933333	12.933333	0.000000	0.000000	0	0	0
47	7	1	2	0.000000	27.285714	10.571429	0.000000	0.000000	0	0	0
48	22	1	1	0.000000	28.545455	15.272727	0.000000	0.000000	0	0	0
49	11	1	2	0.000000	21.363636	15.363636	0.000000	0.000000	0	0	0
50	3	2	2	0.000000	20.666667	16.666667	0.000000	0.000000	0	0	0
51	2	2	1	0.000000	17.500000	10.500000	0.000000	0.000000	0	0	0
52	87	1	2	0.000000	18.310345	12.275862	0.000000	0.000000	0	0	0
53	29	2	3	0.000000	18.448276	14.655172	0.000000	0.000000	0	0	0
54	31	1	1	0.000000	20.129032	12.354839	0.000000	0.000000	0	0	0
55	49	2	2	0.000000	16.632653	9.775510	0.000000	0.000000	0	0	0
56	58	1	1	0.000000	1.000000	1.000000	0.000000	0.000000	0	0	0
57	104	2	2	0.000000	20.500000	12.221154	0.000000	0.000000	0	0	0
58	16	1	1	0.000000	19.937500	13.500000	0.000000	0.000000	0	0	0
59	68	1	0	0.000000	1.000000	1.000000	0.000000	0.000000	0	0	0
60	13	1	2	0.000000	13.461538	9.461538	0.000000	0.000000	0	0	0
61	65	1	0	0.000000	1.046154	1.046154	0.000000	0.000000	0	0	0
62	22	2	1	0.000000	21.863636	6.863636	0.000000	0.000000	0	0	0
63	11	2	2	0.000000	21.818182	11.454545	0.000000	0.000000	0	0	0
64	59	1	1	0.000000	1.084746	1.084746	0.000000	0.000000	0	0	0
65	3	1	1	0.000000	1.000000	1.000000	0.000000	0.000000	0	0	0
66	10	2	2	0.000000	27.400000	2.800000	0.000000	0.000000	0	0	0
67	15	1	1	0.000000	1.000000	1.000000	0.000000	0.000000	0	0	0
68	16	1	2	0.000000	1.250000	1.250000	0.000000	0.000000	0	0	0
69	2	1	1	0.000000	24.500000	17.500000	0.000000	0.000000	0	0	0
70	29	2	2	0.000000	22.275862	14.413793	0.000000	0.000000	0	0	0
71	43	1	1	0.000000	18.441860	12.744186	0.000000	0.000000	0	0	0
72	13	2	1	0.000000	19.076923	12.769231	0.000000	0.000000	0	0	0
73	65	1	1	0.000000	1.184615	1.184615	0.000000	0.000000	0	0	0
74	23	1	1	0.000000	19.608696	17.565217	0.000000	0.000000	0	0	0
75	33	2	2	0.000000	21.000000	15.121212	0.000000	0.000000	0	0	0
76	3	1	2	0.000000	15.000000	9.000000	0.000000	0.000000	0	0	0
77	23	1	1	0.000000	16.478261	7.782609	0.000000	0.000000	0	0	0
78	6	2	2	0.000000	20.666667	10.333333	0.000000	0.000000	0	0	0
79	8	1	2	0.000000	23.125000	6.625000	0.000000	0.000000	0	0	0
80	47	1	1	0.000000	16.872340	9.255319	0.000000	0.000000	0	0	0
81	17	2	2	0.000000	18.117647	7.647059	0.000000	0.000000	0	0	0
82	4	2	2	0.000000	20.750000	2.250000	0.000000	0.000000	0	0	0
83	67	1	1	0.000000	20.417910	13.985075	0.000000	0.000000	0	0	0
84	25	2	2	0.000000	20.480000	15.760000	0.000000	0.000000	0	0	0
85	66	1	0	0.000000	1.000000	1.000000	0.000000	0.000000	0	0	0
86	42	1	2	0.000000	15.833333	5.547619	0.000000	0.000000	0	0	0
87	11	1	2	0.000000	17.545455	14.454545	0.000000	0.000000	0	0	0
88	48	1	1	0.000000	26.125000	16.166667	0.000000	0.000000	0	0	0
89	11	1	2	0.000000	16.818182	11.909091	0.000000	0.000000	0	0	0
90	19	1	2	0.000000	15.789474	11.263158	0.000000	0.000000	0	0	0
91	50	1	2	0.000000	11.760000	7.180000	0.000000	0.000000	0	0	0
92	29	2	3	0.000000	17.448276	10.310345	0.000000	0.000000	0	0	0
93	8	1	1	0.000000	19.125000	10.625000	0.000000	0.000000	0	0	0
94	3	2	2	0.000000	18.000000	9.666667	0.000000	0.000000	0	0	0
95	3	1	1	0.000000	14.000000	10.000000	0.000000	0.000000	0	0	0
96	2	1	2	0.000000	15.500000	11.500000	0.000000	0.000000	0	0	0
97	10	1	2	0.000000	19.600000	16.500000	0.000000	0.000000	0	0	0
98	28	1	2	0.000000	14.964286	10.178571	0.000000	0.000000	0	0	0
99	78	1	0	0.000000	1.012821	1.012821	0.000000	0.000000	0	0	0
100	50	1	1	0.000000	13.020000	9.740000	0.000000	0.000000	0	0	0
101	2	1	2	0.000000	13.500000	10.500000	0.000000	0.000000	0	0	0
102	3	1	2	0.000000	15.333333	12.000000	0.000000	0.000000	0	0	0
103	65	1	0	0.000000	1.076923	1.076923	0.000000	0.000000	0	0	0
104	38	1	1	0.000000	17.421053	10.026316	0.000000	0.000000	0	0	0
105	66	1	0	0.000000	1.000000	1.000000	0.000000	0.000000	0	0	0
106	41	1	2	0.000000	22.926829	11.365854	0.000000	0.000000	0	0	0
107	38	1	1	0.000000	12.078947	6.736842	0.000000	0.000000	0	0	0
108	13	1	2	0.000000	14.692308	9.461538	0.000000	0.000000	0	0	0
109	10	1	2	0.000000	11.700000	8.200000	0.000000	0.000000	0	0	0
110	96	1	2	0.000000	16.958333	9.333333	0.000000	0.000000	0	0	0
111	33	1	2	0.000000	16.272727	9.333333	0.000000	0.000000	0	0	0
112	60	1	2	0.000000	23.333333	13.933333	0.000000	0.000000	0	0	0
113	35	1	2	0.000000	17.857143	12.600000	0.000000	0.000000	0	0	0
114	56	1	2	0.000000	20.732143	9.250000	0.000000	0.000000	0	0	0
115	64	1	1	0.000000	1.031250	1.031250	0.000000	0.000000	0	0	0
116	66	1	0	0.000000	1.000000	1.000000	0.000000	0.000000	0	0	0
117	6	1	1	0.000000	1.000000	1.000000	0.000000	0.000000	0	0	0
118	31	1	1	0.000000	18.677419	12.677419	0.000000	0.000000	0	0	0
119	10	1	1	0.000000	15.600000	10.000000	0.000000	0.000000	0	0	0
120	62	1	0	0.000000	1.000000	1.000000	0.000000	0.000000	0	0	0
121	93	2	2	0.000000	20.784946	11.279570	0.000000	0.000000	0	0	0
122	27	2	1	0.000000	12.962963	5.962963	0.000000	0.000000	0	0	0
123	62	1	1	0.000000	1.000000	1.000000	0.000000	0.000000	0	0	0
124	5	1	2	0.000000	17.800000	7.800000	0.000000	0.000000	0	0	0
125	2	2	2	0.000000	18.500000	2.000000	0.000000	0.000000	0	0	0
126	62	1	0	0.000000	1.000000	1.000000	0.000000	0.000000	0	0	0
127	65	1	0	0.000000	1.046154	1.046154	0.000000	0.000000	0	0	0
128	62	1	0	0.000000	1.000000	1.000000	0.000000	0.000000	0	0	0
129	72	1	0	0.000000	1.333333	1.208333	0.000000	0.000000	0	0	0
130	47	1	1	0.000000	1.000000	1.000000	0.000000	0.000000	0	0	0
131	64	1	2	0.000000	21.734375	11.843750	0.000000	0.000000	0	0	0
132	74	1	0	0.000000	1.148649	1.148649	0.000000	0.000000	0	0	0
133	82	1	0	0.000000	1.060976	1.060976	0.000000	0.000000	0	0	0
134	64	1	0	0.000000	1.000000	1.000000	0.000000	0.000000	0	0	0
135	1	2	2	0.000000	29.000000	2.000000	0.000000	0.000000	0	0	0
136	46	1	1	0.000000	1.000000	1.000000	0.000000	0.000000	0	0	0
137	64	0	0	0.000000	1.000000	1.000000	0.000000	0.000000	0	0	0
138	66	0	0	0.000000	1.045455	1.045455	0.000000	0.000000	0	0	0
139	84	1	0	0.000000	1.023810	1.023810	0.000000	0.000000	0	0	0
140	96	1	1	0.000000	1.333333	1.333333	0.000000	0.000000	0	0	0
141	65	1	1	0.000000	1.030769	1.030769	0.000000	0.000000	0	0	0
142	23	1	2	0.000000	1.521739	1.521739	0.000000	0.000000	0	0	0
143	77	0	1	0.000000	1.168831	1.168831	0.000000	0.000000	0	0	0
144	17	1	2	0.000000	23.588235	1.117647	0.000000	0.000000	0	0	0
145	55	1	1	0.000000	1.072727	1.072727	0.000000	0.000000	0	0	0
146	9	1	1	0.000000	1.000000	1.000000	0.000000	0.000000	0	0	0
147	85	1	0	0.000000	1.035294	1.035294	0.000000	0.000000	0	0	0
148	64	0	0	0.000000	1.000000	1.000000	0.000000	0.000000	0	0	0
149	31	1	1	0.000000	1.419355	1.419355	0.000000	0.000000	0	0	0
150	19	1	2	0.000000	17.947368	6.421053	0.000000	0.000000	0	0	0
151	67	1	0	0.000000	1.000000	1.000000	0.000000	0.000000	0	0	0
152	62	1	0	0.000000	1.000000	1.000000	0.000000	0.000000	0	0	0
153	62	1	0	0.000000	1.000000	1.000000	0.000000	0.000000	0	0	0
154	69	1	0	0.000000	1.000000	1.000000	0.000000	0.000000	0	0	0
155	8	1	1	0.000000	1.000000	1.000000	0.000000	0.000000	0	0	0
156	3	1	2	0.000000	19.333333	1.666667	0.000000	0.000000	0	0	0
157	101	1	1	0.000000	1.069307	1.069307	0.000000	0.000000	0	0	0
158	80	1	0	0.000000	1.150000	1.150000	0.000000	0.000000	0	0	0
159	39	1	1	0.000000	1.000000	1.000000	0.000000	0.000000	0	0	0
160	51	1	1	0.000000	1.000000	1.000000	0.000000	0.000000	0	0	0
161	85	1	2	0.000000	20.741176	10.588235	0.000000	0.000000	0	0	0
162	72	1	2	0.000000	17.236111	10.569444	0.000000	0.000000	0	0	0
163	16	2	2	0.000000	26.750000	17.312500	0.000000	0.000000	0	0	0
164	10	1	1	0.000000	24.600000	13.900000	0.000000	0.000000	0	0	0
165	22	1	1	0.000000	1.136364	1.136364	0.000000	0.000000	0	0	0
166	47	1	2	0.000000	1.042553	1.042553	0.000000	0.000000	0	0	0
167	17	2	2	0.000000	29.294118	17.352941	0.000000	0.000000	0	0	0
168	34	1	2	0.000000	23.764706	7.470588	0.000000	0.000000	0	0	0
169	72	2	2	0.000000	21.055556	14.125000	0.000000	0.000000	0	0	0
170	26	1	2	0.000000	12.192308	10.230769	0.000000	0.000000	0	0	0
171	23	2	2	0.000000	9.478261	8.695652	0.000000	0.000000	0	0	0
172	13	1	1	0.000000	25.153846	16.384615	0.000000	0.000000	0	0	0
173	61	2	2	0.000000	16.377049	8.901639	0.000000	0.000000	0	0	0
174	22	1	1	0.000000	13.545455	8.636364	0.000000	0.000000	0	0	0
175	27	2	1	0.000000	22.259259	15.444444	0.000000	0.000000	0	0	0
176	39	2	1	0.000000	19.564103	5.769231	0.000000	0.000000	0	0	0
177	31	1	1	0.000000	1.000000	1.000000	0.000000	0.000000	0	0	0
178	26	1	2	0.000000	22.038462	18.384615	0.000000	0.000000	0	0	0
179	18	1	2	0.000000	27.388889	11.611111	0.000000	0.000000	0	0	0
180	17	1	1	0.000000	26.588235	4.117647	0.000000	0.000000	0	0	0
181	11	1	2	0.000000	26.000000	17.090909	0.000000	0.000000	0	0	0
182	12	1	1	0.000000	21.583333	13.666667	0.000000	0.000000	0	0	0
183	45	1	2	0.000000	19.400000	11.155556	0.000000	0.000000	0	0	0
184	21	1	1	0.000000	16.619048	3.142857	0.000000	0.000000	0	0	0
185	59	1	1	0.000000	17.338983	12.067797	0.000000	0.000000	0	0	0
186	36	2	2	0.000000	21.888889	13.472222	0.000000	0.000000	0	0	0
187	52	2	2	0.000000	24.153846	13.423077	0.000000	0.000000	0	0	0
188	37	1	2	0.000000	21.108108	4.216216	0.000000	0.000000	0	0	0
189	6	2	2	0.000000	21.000000	17.000000	0.000000	0.000000	0	0	0
190	6	1	2	0.000000	17.500000	10.666667	0.000000	0.000000	0	0	0
191	14	1	2	0.000000	18.857143	12.071429	0.000000	0.000000	0	0	0
192	1	1	2	0.000000	17.000000	12.000000	0.000000	0.000000	0	0	0
193	140	1	2	0.000000	21.285714	15.221429	0.000000	0.000000	0	0	0
194	110	2	2	0.000000	22.063636	14.909091	0.000000	0.000000	0	0	0
195	23	1	1	0.000000	19.608696	12.130435	0.000000	0.000000	0	0	0
196	50	1	2	0.000000	26.020000	14.980000	0.000000	0.000000	0	0	0
197	21	1	3	0.000000	18.000000	10.571429	0.000000	0.000000	0	0	0
198	164	2	2	0.000000	18.969512	11.829268	0.000000	0.000000	0	0	0
199	54	1	1	0.000000	19.500000	10.092593	0.000000	0.000000	0	0	0
200	3	1	2	0.000000	26.333333	16.666667	0.000000	0.000000	0	0	0
201	7	1	1	0.000000	20.142857	11.428571	0.000000	0.000000	0	0	0
202	21	1	1	0.000000	2.238095	1.476190	0.000000	0.000000	0	0	0
203	26	1	2	0.000000	21.884615	15.346154	0.000000	0.000000	0	0	0
204	13	2	2	0.000000	22.769231	16.230769	0.000000	0.000000	0	0	0
205	15	1	2	0.000000	15.866667	13.266667	0.000000	0.000000	0	0	0
206	1	1	2	0.000000	18.000000	15.000000	0.000000	0.000000	0	0	0
207	21	2	2	0.000000	16.904762	6.857143	0.000000	0.000000	0	0	0
208	83	2	2	0.000000	23.650602	9.795181	0.000000	0.000000	0	0	0
209	41	1	2	0.000000	23.975610	18.707317	0.000000	0.000000	0	0	0
210	6	2	2	0.000000	26.833333	15.500000	0.000000	0.000000	0	0	0
211	16	1	2	0.000000	11.500000	9.812500	0.000000	0.000000	0	0	0
212	44	1	1	0.000000	21.454545	11.045455	0.000000	0.000000	0	0	0
213	51	2	1	0.000000	1.098039	1.098039	0.000000	0.000000	0	0	0
214	9	1	1	0.000000	1.000000	1.000000	0.000000	0.000000	0	0	0
215	16	1	2	0.000000	17.125000	1.437500	0.000000	0.000000	0	0	0
216	8	1	1	0.000000	17.875000	10.750000	0.000000	0.000000	0	0	0
217	4	1	2	0.000000	29.000000	18.500000	0.000000	0.000000	0	0	0
218	34	1	2	0.000000	20.794118	12.882353	0.000000	0.000000	0	0	0
219	78	2	2	0.000000	16.961538	12.397436	0.000000	0.000000	0	0	0
220	35	1	1	0.000000	16.914286	12.000000	0.000000	0.000000	0	0	0
221	32	1	2	0.000000	18.468750	12.750000	0.000000	0.000000	0	0	0
222	31	1	1	0.000000	19.483871	11.387097	0.000000	0.000000	0	0	0
223	40	2	2	0.000000	19.300000	11.200000	0.000000	0.000000	0	0	0
224	20	1	2	0.000000	17.500000	11.200000	0.000000	0.000000	0	0	0
225	2	1	1	0.000000	17.500000	12.500000	0.000000	0.000000	0	0	0
226	26	1	2	0.000000	10.807692	5.846154	0.000000	0.000000	0	0	0
227	12	1	2	0.000000	18.250000	3.166667	0.000000	0.000000	0	0	0
228	98	1	1	0.000000	1.183673	1.183673	0.000000	0.000000	0	0	0
229	41	1	2	0.000000	18.634146	9.853659	0.000000	0.000000	0	0	0
230	21	1	2	0.000000	22.142857	16.190476	0.000000	0.000000	0	0	0
231	1	1	2	0.000000	21.000000	13.000000	0.000000	0.000000	0	0	0
232	4	2	1	0.000000	27.750000	22.750000	0.000000	0.000000	0	0	0
233	36	2	2	0.000000	24.361111	16.500000	0.000000	0.000000	0	0	0
234	38	1	1	0.000000	21.368421	13.342105	0.000000	0.000000	0	0	0
235	12	1	2	0.000000	20.166667	13.916667	0.000000	0.000000	0	0	0
236	17	2	1	0.000000	21.470588	8.529412	0.000000	0.000000	0	0	0
237	31	1	1	0.000000	21.290323	13.258065	0.000000	0.000000	0	0	0
238	84	1	2	0.000000	21.690476	11.714286	0.000000	0.000000	0	0	0
239	19	1	1	0.000000	12.578947	9.473684	0.000000	0.000000	0	0	0
240	8	1	1	0.000000	21.125000	13.250000	0.000000	0.000000	0	0	0
241	42	1	2	0.000000	25.666667	15.071429	0.000000	0.000000	0	0	0
242	86	1	1	0.000000	1.104651	1.104651	0.000000	0.000000	0	0	0
243	104	0	1	0.000000	1.019231	1.019231	0.000000	0.000000	0	0	0
244	14	1	2	0.000000	22.785714	10.857143	0.000000	0.000000	0	0	0
245	30	2	1	0.000000	15.933333	9.266667	0.000000	0.000000	0	0	0
246	13	1	2	0.000000	25.307692	16.230769	0.000000	0.000000	0	0	0
247	26	2	1	0.000000	16.230769	9.730769	0.000000	0.000000	0	0	0
248	6	1	1	0.000000	12.666667	9.000000	0.000000	0.000000	0	0	0
249	3	1	2	0.000000	20.333333	13.000000	0.000000	0.000000	0	0	0
250	30	2	2	0.000000	20.100000	3.033333	0.000000	0.000000	0	0	0
251	2	1	1	0.000000	20.000000	16.000000	0.000000	0.000000	0	0	0
252	42	1	2	0.000000	20.142857	15.119048	0.000000	0.000000	0	0	0
253	11	1	1	0.000000	19.272727	15.000000	0.000000	0.000000	0	0	0
254	60	1	1	0.000000	13.400000	8.950000	0.000000	0.000000	0	0	0
255	91	1	0	0.000000	1.021978	1.021978	0.000000	0.000000	0	0	0
256	3	1	1	0.000000	16.333333	10.666667	0.000000	0.000000	0	0	0
257	32	1	1	0.000000	23.781250	15.656250	0.000000	0.000000	0	0	0
258	54	1	1	0.000000	19.222222	6.574074	0.000000	0.000000	0	0	0
259	3	2	2	0.000000	22.000000	11.666667	0.000000	0.000000	0	0	0
260	6	1	2	0.000000	29.000000	8.833333	0.000000	0.000000	0	0	0
261	65	1	0	0.000000	1.000000	1.000000	0.000000	0.000000	0	0	0
262	195	2	2	0.000000	20.307692	12.184615	0.000000	0.000000	0	0	0
263	66	1	0	0.000000	1.000000	1.000000	0.000000	0.000000	0	0	0
264	3	1	2	0.000000	19.000000	14.333333	0.000000	0.000000	0	0	0
265	78	1	1	0.000000	1.051282	1.051282	0.000000	0.000000	0	0	0
266	51	1	1	0.000000	1.058824	1.058824	0.000000	0.000000	0	0	0
267	52	1	1	0.000000	1.000000	1.000000	0.000000	0.000000	0	0	0
268	1	1	2	0.000000	23.000000	2.000000	0.000000	0.000000	0	0	0
269	48	1	1	0.000000	1.000000	1.000000	0.000000	0.000000	0	0	0
270	50	1	1	0.000000	1.200000	1.200000	0.000000	0.000000	0	0	0
271	44	1	2	0.000000	22.886364	11.931818	0.000000	0.000000	0	0	0
272	47	1	1	0.000000	1.000000	1.000000	0.000000	0.000000	0	0	0
273	40	2	2	0.000000	15.900000	12.425000	0.000000	0.000000	0	0	0
274	65	0	0	0.000000	1.015385	1.015385	0.000000	0.000000	0	0	0
275	61	2	2	0.000000	21.704918	8.245902	0.000000	0.000000	0	0	0
276	65	1	0	0.000000	1.000000	1.000000	0.000000	0.000000	0	0	0
277	37	1	1	0.000000	1.081081	1.081081	0.000000	0.000000	0	0	0
278	62	1	0	0.000000	1.129032	1.129032	0.000000	0.000000	0	0	0
279	63	1	0	0.000000	1.000000	1.000000	0.000000	0.000000	0	0	0
280	13	1	2	0.000000	22.384615	1.692308	0.000000	0.000000	0	0	0
281	42	1	1	0.000000	1.000000	1.000000	0.000000	0.000000	0	0	0
282	61	1	1	0.000000	1.032787	1.032787	0.000000	0.000000	0	0	0
283	15	2	1	0.000000	23.933333	1.800000	0.000000	0.000000	0	0	0
284	68	1	0	0.000000	1.000000	1.000000	0.000000	0.000000	0	0	0
285	59	1	1	0.000000	1.067797	1.067797	0.000000	0.000000	0	0	0
286	61	2	1	0.000000	19.688525	13.065574	0.000000	0.000000	0	0	0
287	45	1	1	0.000000	1.000000	1.000000	0.000000	0.000000	0	0	0
288	49	1	1	0.000000	1.000000	1.000000	0.000000	0.000000	0	0	0
289	66	1	0	0.000000	1.000000	1.000000	0.000000	0.000000	0	0	0
290	34	1	1	0.000000	1.000000	1.000000	0.000000	0.000000	0	0	0
291	73	1	0	0.000000	1.150685	1.150685	0.000000	0.000000	0	0	0
292	84	1	0	0.000000	1.071429	1.071429	0.000000	0.000000	0	0	0
293	6	1	1	0.000000	1.000000	1.000000	0.000000	0.000000	0	0	0
294	64	1	0	0.000000	1.000000	1.000000	0.000000	0.000000	0	0	0
295	66	1	0	0.000000	1.106061	1.106061	0.000000	0.000000	0	0	0
296	43	1	1	0.000000	1.000000	1.000000	0.000000	0.000000	0	0	0
297	3	1	1	0.000000	1.000000	1.000000	0.000000	0.000000	0	0	0
298	18	1	2	0.000000	16.944444	14.055556	0.000000	0.000000	0	0	0
299	2	1	2	0.000000	17.000000	14.000000	0.000000	0.000000	0	0	0
300	1	1	1	0.000000	17.000000	11.000000	0.000000	0.000000	0	0	0
301	18	1	2	0.000000	18.055556	11.666667	0.000000	0.000000	0	0	0
302	32	1	2	0.000000	21.000000	13.031250	0.000000	0.000000	0	0	0
303	5	1	1	0.000000	21.000000	13.000000	0.000000	0.000000	0	0	0
304	16	2	1	0.000000	19.312500	12.625000	0.000000	0.000000	0	0	0
305	11	1	2	0.000000	13.818182	10.272727	0.000000	0.000000	0	0	0
306	12	2	2	0.000000	12.666667	9.416667	0.000000	0.000000	0	0	0
307	14	1	1	0.000000	12.428571	8.000000	0.000000	0.000000	0	0	0
308	8	1	2	0.000000	13.750000	8.625000	0.000000	0.000000	0	0	0
309	67	1	2	0.000000	14.537313	9.313433	0.000000	0.000000	0	0	0
310	5	2	2	0.000000	20.600000	13.600000	0.000000	0.000000	0	0	0
311	108	1	2	0.000000	16.500000	11.175926	0.000000	0.000000	0	0	0
312	90	1	2	0.000000	18.022222	11.044444	0.000000	0.000000	0	0	0
313	43	2	1	0.000000	16.697674	12.302326	0.000000	0.000000	0	0	0
314	17	1	1	0.000000	18.294118	14.764706	0.000000	0.000000	0	0	0
315	11	2	2	0.000000	17.818182	13.818182	0.000000	0.000000	0	0	0
316	7	1	2	0.000000	33.142857	11.000000	0.000000	0.000000	0	0	0
317	52	1	2	0.000000	18.000000	12.769231	0.000000	0.000000	0	0	0
318	14	1	2	0.000000	22.500000	10.928571	0.000000	0.000000	0	0	0
319	36	2	2	0.000000	23.472222	11.416667	0.000000	0.000000	0	0	0
320	23	1	1	0.000000	19.217391	8.826087	0.000000	0.000000	0	0	0
321	54	2	2	0.000000	16.518519	11.851852	0.000000	0.000000	0	0	0
322	75	1	2	0.000000	14.200000	9.600000	0.000000	0.000000	0	0	0
323	51	1	1	0.000000	1.000000	1.000000	0.000000	0.000000	0	0	0
324	32	2	2	0.000000	14.031250	11.125000	0.000000	0.000000	0	0	0
325	31	1	1	0.000000	1.000000	1.000000	0.000000	0.000000	0	0	0
326	11	1	2	0.000000	15.545455	12.727273	0.000000	0.000000	0	0	0
327	7	1	2	0.000000	14.285714	12.285714	0.000000	0.000000	0	0	0
328	88	0	2	0.000000	2.556818	2.397727	0.000000	0.000000	0	0	0
329	116	1	0	0.000000	1.008621	1.008621	0.000000	0.000000	0	0	0
330	9	1	1	0.000000	18.444444	12.777778	0.000000	0.000000	0	0	0
331	65	1	0	0.000000	1.000000	1.000000	0.000000	0.000000	0	0	0
332	1	2	1	0.000000	16.000000	15.000000	0.000000	0.000000	0	0	0
333	3	2	1	0.000000	14.666667	13.666667	0.000000	0.000000	0	0	0
334	24	1	1	0.000000	2.000000	1.041667	0.000000	0.000000	0	0	0
335	6	2	2	0.000000	21.166667	13.666667	0.000000	0.000000	0	0	0
336	33	2	2	0.000000	15.515152	12.848485	0.000000	0.000000	0	0	0
337	5	1	1	0.000000	19.200000	11.600000	0.000000	0.000000	0	0	0
338	31	1	2	0.000000	17.870968	10.774194	0.000000	0.000000	0	0	0
339	6	1	1	0.000000	19.833333	9.000000	0.000000	0.000000	0	0	0
340	45	2	1	0.000000	17.822222	12.266667	0.000000	0.000000	0	0	0
341	16	1	1	0.000000	16.125000	10.000000	0.000000	0.000000	0	0	0
342	20	1	2	0.000000	17.050000	11.900000	0.000000	0.000000	0	0	0
343	19	1	2	0.000000	17.842105	13.842105	0.000000	0.000000	0	0	0
344	42	1	2	0.000000	17.619048	9.547619	0.000000	0.000000	0	0	0
345	1	2	2	0.000000	17.000000	11.000000	0.000000	0.000000	0	0	0
346	43	1	2	0.000000	14.581395	11.023256	0.000000	0.000000	0	0	0
347	44	2	2	0.000000	21.863636	14.727273	0.000000	0.000000	0	0	0
348	68	1	1	0.000000	1.132353	1.132353	0.000000	0.000000	0	0	0
349	61	1	1	0.000000	1.000000	1.000000	0.000000	0.000000	0	0	0
350	44	2	1	0.000000	25.045455	13.318182	0.000000	0.000000	0	0	0
351	41	1	1	0.000000	1.439024	1.439024	0.000000	0.000000	0	0	0
352	21	1	2	0.000000	19.952381	9.619048	0.000000	0.000000	0	0	0
353	13	2	2	0.000000	18.923077	12.692308	0.000000	0.000000	0	0	0
354	1	1	1	0.000000	16.000000	10.000000	0.000000	0.000000	0	0	0
355	11	1	2	0.000000	15.000000	12.272727	0.000000	0.000000	0	0	0
356	70	1	0	0.000000	1.042857	1.042857	0.000000	0.000000	0	0	0
357	8	2	1	0.000000	15.625000	14.125000	0.000000	0.000000	0	0	0
358	7	1	1	0.000000	14.285714	10.857143	0.000000	0.000000	0	0	0
359	6	1	2	0.000000	14.166667	9.666667	0.000000	0.000000	0	0	0
360	4	1	2	0.000000	17.000000	13.750000	0.000000	0.000000	0	0	0
361	77	2	2	0.000000	19.753247	13.181818	0.000000	0.000000	0	0	0
362	76	1	2	0.000000	1.210526	1.210526	0.000000	0.000000	0	0	0
363	62	1	0	0.000000	1.177419	1.177419	0.000000	0.000000	0	0	0
364	3	2	2	0.000000	24.000000	2.000000	0.000000	0.000000	0	0	0
365	68	1	0	0.000000	1.000000	1.000000	0.000000	0.000000	0	0	0
366	67	0	0	0.000000	1.000000	1.000000	0.000000	0.000000	0	0	0
367	31	1	1	0.000000	1.516129	1.516129	0.000000	0.000000	0	0	0
368	16	1	2	0.000000	20.187500	13.187500	0.000000	0.000000	0	0	0
369	36	1	1	0.000000	1.000000	1.000000	0.000000	0.000000	0	0	0
370	1	1	2	0.000000	11.000000	8.000000	0.000000	0.000000	0	0	0
371	7	2	2	0.000000	15.571429	1.428571	0.000000	0.000000	0	0	0
372	3	2	2	0.000000	17.000000	2.000000	0.000000	0.000000	0	0	0
373	98	2	2	0.000000	17.540816	8.897959	0.000000	0.000000	0	0	0
374	6	1	1	0.000000	18.166667	5.666667	0.000000	0.000000	0	0	0
375	104	1	0	0.000000	1.115385	1.115385	0.000000	0.000000	0	0	0
376	52	1	1	0.000000	1.000000	1.000000	0.000000	0.000000	0	0	0
377	57	1	1	0.000000	1.210526	1.210526	0.000000	0.000000	0	0	0
378	1	1	2	0.000000	15.000000	2.000000	0.000000	0.000000	0	0	0
379	22	2	1	0.000000	24.636364	11.909091	0.000000	0.000000	0	0	0
380	60	1	1	0.000000	1.000000	1.000000	0.000000	0.000000	0	0	0
381	67	1	0	0.000000	1.000000	1.000000	0.000000	0.000000	0	0	0
382	81	1	0	0.000000	1.024691	1.024691	0.000000	0.000000	0	0	0
383	68	1	1	0.000000	1.235294	1.235294	0.000000	0.000000	0	0	0
384	71	1	1	0.000000	1.028169	1.028169	0.000000	0.000000	0	0	0
385	64	0	1	0.000000	1.109375	1.109375	0.000000	0.000000	0	0	0
386	63	1	0	0.000000	1.000000	1.000000	0.000000	0.000000	0	0	0
387	66	1	0	0.000000	1.000000	1.000000	0.000000	0.000000	0	0	0
388	67	0	0	0.000000	1.119403	1.119403	0.000000	0.000000	0	0	0
389	57	1	1	0.000000	1.052632	1.052632	0.000000	0.000000	0	0	0
390	58	1	1	0.000000	1.137931	1.137931	0.000000	0.000000	0	0	0
391	66	1	0	0.000000	1.000000	1.000000	0.000000	0.000000	0	0	0
392	93	1	1	0.000000	1.258065	1.258065	0.000000	0.000000	0	0	0
393	31	1	1	0.000000	1.000000	1.000000	0.000000	0.000000	0	0	0
394	69	1	0	0.000000	1.159420	1.014493	0.000000	0.000000	0	0	0
395	84	1	0	0.000000	1.023810	1.023810	0.000000	0.000000	0	0	0
396	110	0	1	0.000000	1.081818	1.081818	0.000000	0.000000	0	0	0
397	63	1	0	0.000000	1.000000	1.000000	0.000000	0.000000	0	0	0
398	2	1	2	0.000000	17.500000	1.500000	0.000000	0.000000	0	0	0
399	76	1	0	0.000000	1.013158	1.013158	0.000000	0.000000	0	0	0
400	66	1	0	0.000000	1.000000	1.000000	0.000000	0.000000	0	0	0
401	73	1	0	0.000000	1.054795	1.054795	0.000000	0.000000	0	0	0
402	63	1	0	0.000000	1.000000	1.000000	0.000000	0.000000	0	0	0
403	72	1	1	0.000000	1.013889	1.013889	0.000000	0.000000	0	0	0
404	6	1	2	0.000000	18.500000	1.833333	0.000000	0.000000	0	0	0
405	67	1	0	0.000000	1.000000	1.000000	0.000000	0.000000	0	0	0
406	38	1	1	0.000000	1.000000	1.000000	0.000000	0.000000	0	0	0
407	62	1	0	0.000000	1.000000	1.000000	0.000000	0.000000	0	0	0
408	12	2	1	0.000000	25.500000	12.916667	0.000000	0.000000	0	0	0
409	11	1	2	0.000000	15.727273	12.090909	0.000000	0.000000	0	0	0
410	9	1	1	0.000000	25.888889	15.333333	0.000000	0.000000	0	0	0
411	6	1	2	0.000000	22.666667	13.833333	0.000000	0.000000	0	0	0
412	9	2	1	0.000000	12.888889	7.444444	0.000000	0.000000	0	0	0
413	25	1	1	0.000000	19.240000	11.520000	0.000000	0.000000	0	0	0
414	3	1	2	0.000000	24.000000	16.000000	0.000000	0.000000	0	0	0
415	23	2	2	0.000000	23.173913	15.347826	0.000000	0.000000	0	0	0
416	60	2	2	0.000000	18.716667	8.833333	0.000000	0.000000	0	0	0
417	48	2	2	0.000000	28.000000	4.645833	0.000000	0.000000	0	0	0
418	57	1	2	0.000000	22.070175	14.105263	0.000000	0.000000	0	0	0
419	19	1	2	0.000000	23.000000	17.842105	0.000000	0.000000	0	0	0
420	5	2	2	0.000000	22.800000	20.400000	0.000000	0.000000	0	0	0
421	28	1	2	0.000000	19.785714	7.678571	0.000000	0.000000	0	0	0
422	10	1	2	0.000000	18.900000	4.600000	0.000000	0.000000	0	0	0
423	31	1	2	0.000000	17.000000	11.870968	0.000000	0.000000	0	0	0
424	64	1	0	0.000000	1.062500	1.062500	0.000000	0.000000	0	0	0
425	5	1	1	0.000000	22.200000	22.200000	0.000000	0.000000	0	0	0
426	4	1	2	0.000000	22.250000	21.250000	0.000000	0.000000	0	0	0
427	3	1	2	0.000000	23.666667	20.666667	0.000000	0.000000	0	0	0
428	5	2	2	0.000000	24.800000	21.800000	0.000000	0.000000	0	0	0
429	3	1	1	0.000000	20.333333	16.333333	0.000000	0.000000	0	0	0
430	15	1	2	0.000000	19.333333	14.800000	0.000000	0.000000	0	0	0
431	3	1	1	0.000000	15.000000	12.000000	0.000000	0.000000	0	0	0
432	11	1	2	0.000000	14.636364	11.818182	0.000000	0.000000	0	0	0
433	2	1	2	0.000000	14.500000	11.500000	0.000000	0.000000	0	0	0
434	4	1	2	0.000000	13.000000	10.000000	0.000000	0.000000	0	0	0
435	21	1	2	0.000000	15.571429	13.380952	0.000000	0.000000	0	0	0
436	10	1	2	0.000000	11.500000	7.500000	0.000000	0.000000	0	0	0
437	23	2	2	0.000000	30.304348	15.521739	0.000000	0.000000	0	0	0
438	36	1	2	0.000000	26.277778	10.111111	0.000000	0.000000	0	0	0
439	22	1	2	0.000000	19.409091	12.045455	0.000000	0.000000	0	0	0
440	14	2	2	0.000000	18.428571	12.142857	0.000000	0.000000	0	0	0
441	5	1	1	0.000000	21.800000	15.400000	0.000000	0.000000	0	0	0
442	9	2	2	0.000000	22.666667	7.555556	0.000000	0.000000	0	0	0
443	1	3	1	0.000000	24.000000	16.000000	0.000000	0.000000	0	0	0
444	2	1	1	0.000000	22.500000	15.000000	0.000000	0.000000	0	0	0
445	4	1	2	0.000000	24.750000	24.750000	0.000000	0.000000	0	0	0
446	64	1	0	0.000000	1.000000	1.000000	0.000000	0.000000	0	0	0
447	52	1	1	0.000000	23.269231	15.692308	0.000000	0.000000	0	0	0
448	10	2	2	0.000000	19.400000	8.700000	0.000000	0.000000	0	0	0
449	42	1	2	0.000000	18.071429	14.476190	0.000000	0.000000	0	0	0
450	30	1	1	0.000000	22.533333	19.200000	0.000000	0.000000	0	0	0
451	31	1	1	0.000000	12.645161	10.064516	0.000000	0.000000	0	0	0
452	51	1	2	0.000000	12.431373	7.450980	0.000000	0.000000	0	0	0
453	53	1	2	0.000000	21.188679	14.207547	0.000000	0.000000	0	0	0
454	26	1	2	0.000000	13.076923	11.653846	0.000000	0.000000	0	0	0
455	23	1	1	0.000000	20.260870	17.260870	0.000000	0.000000	0	0	0
456	7	2	2	0.000000	19.142857	15.142857	0.000000	0.000000	0	0	0
457	6	1	1	0.000000	14.833333	10.333333	0.000000	0.000000	0	0	0
458	1	1	2	0.000000	14.000000	10.000000	0.000000	0.000000	0	0	0
459	29	1	2	0.000000	20.482759	14.896552	0.000000	0.000000	0	0	0
460	39	1	2	0.000000	23.051282	11.282051	0.000000	0.000000	0	0	0
461	17	1	2	0.000000	14.470588	9.588235	0.000000	0.000000	0	0	0
462	18	2	1	0.000000	20.166667	13.777778	0.000000	0.000000	0	0	0
463	46	1	2	0.000000	20.304348	13.913043	0.000000	0.000000	0	0	0
464	23	2	2	0.000000	13.304348	8.565217	0.000000	0.000000	0	0	0
465	2	1	1	0.000000	16.000000	11.000000	0.000000	0.000000	0	0	0
466	63	1	1	0.000000	1.000000	1.000000	0.000000	0.000000	0	0	0
467	11	2	2	0.000000	24.363636	16.636364	0.000000	0.000000	0	0	0
468	5	1	1	0.000000	22.800000	16.600000	0.000000	0.000000	0	0	0
469	17	2	1	0.000000	14.764706	8.882353	0.000000	0.000000	0	0	0
470	14	1	1	0.000000	14.571429	11.857143	0.000000	0.000000	0	0	0
471	34	2	2	0.000000	18.823529	13.382353	0.000000	0.000000	0	0	0
472	26	1	1	0.000000	21.000000	13.307692	0.000000	0.000000	0	0	0
473	64	1	0	0.000000	1.031250	1.031250	0.000000	0.000000	0	0	0
474	62	1	0	0.000000	1.000000	1.000000	0.000000	0.000000	0	0	0
475	3	2	1	0.000000	26.333333	18.333333	0.000000	0.000000	0	0	0
476	70	2	2	0.000000	14.385714	4.800000	0.000000	0.000000	0	0	0
477	8	1	2	0.000000	16.500000	9.375000	0.000000	0.000000	0	0	0
478	2	1	2	0.000000	14.500000	8.000000	0.000000	0.000000	0	0	0
479	54	3	2	0.000000	25.092593	16.925926	0.000000	0.000000	0	0	0
480	21	1	1	0.000000	19.238095	13.619048	0.000000	0.000000	0	0	0
481	47	1	1	0.000000	20.085106	14.148936	0.000000	0.000000	0	0	0
482	49	2	2	0.000000	14.816327	10.979592	0.000000	0.000000	0	0	0
483	67	1	0	0.000000	1.000000	1.000000	0.000000	0.000000	0	0	0
484	60	1	1	0.000000	1.000000	1.000000	0.000000	0.000000	0	0	0
485	64	0	0	0.000000	1.015625	1.015625	0.000000	0.000000	0	0	0
486	80	1	1	0.000000	1.012500	1.012500	0.000000	0.000000	0	0	0
487	9	2	2	0.000000	19.000000	19.000000	0.000000	0.000000	0	0	0
488	3	1	1	0.000000	16.000000	16.000000	0.000000	0.000000	0	0	0
489	5	2	2	0.000000	21.200000	1.800000	0.000000	0.000000	0	0	0
490	70	1	0	0.000000	1.100000	1.100000	0.000000	0.000000	0	0	0
491	29	1	1	0.000000	17.620690	13.482759	0.000000	0.000000	0	0	0
492	18	1	2	0.000000	17.944444	12.055556	0.000000	0.000000	0	0	0
493	69	1	0	0.000000	1.000000	1.000000	0.000000	0.000000	0	0	0
494	63	3	2	0.000000	16.634921	12.190476	0.000000	0.000000	0	0	0
495	25	2	2	0.000000	18.800000	11.760000	0.000000	0.000000	0	0	0
496	31	1	1	0.000000	18.741935	13.096774	0.000000	0.000000	0	0	0
497	64	1	0	0.000000	1.265625	1.046875	0.000000	0.000000	0	0	0
498	20	1	1	0.000000	1.000000	1.000000	0.000000	0.000000	0	0	0
499	51	1	1	0.000000	1.000000	1.000000	0.000000	0.000000	0	0	0
500	4	2	1	0.000000	16.750000	8.750000	0.000000	0.000000	0	0	0
501	27	1	1	0.000000	1.000000	1.000000	0.000000	0.000000	0	0	0
502	4	1	1	0.000000	19.500000	12.000000	0.000000	0.000000	0	0	0
503	66	1	0	0.000000	1.000000	1.000000	0.000000	0.000000	0	0	0
504	16	1	1	0.000000	1.000000	1.000000	0.000000	0.000000	0	0	0
505	15	1	2	0.000000	2.000000	2.000000	0.000000	0.000000	0	0	0
506	62	1	1	0.000000	1.000000	1.000000	0.000000	0.000000	0	0	0
507	1	1	2	0.000000	21.000000	2.000000	0.000000	0.000000	0	0	0
508	65	1	1	0.000000	1.000000	1.000000	0.000000	0.000000	0	0	0
509	56	1	1	0.000000	1.000000	1.000000	0.000000	0.000000	0	0	0
510	66	1	1	0.000000	1.000000	1.000000	0.000000	0.000000	0	0	0
511	43	1	1	0.000000	1.116279	1.116279	0.000000	0.000000	0	0	0
512	22	1	2	0.000000	16.727273	12.363636	0.000000	0.000000	0	0	0
513	6	1	2	0.000000	18.166667	13.333333	0.000000	0.000000	0	0	0
514	65	1	0	0.000000	1.000000	1.000000	0.000000	0.000000	0	0	0
515	62	1	0	0.000000	1.000000	1.000000	0.000000	0.000000	0	0	0
516	86	1	0	0.000000	1.011628	1.011628	0.000000	0.000000	0	0	0
517	48	1	2	0.000000	17.729167	10.166667	0.000000	0.000000	0	0	0
518	71	1	0	0.000000	1.042254	1.042254	0.000000	0.000000	0	0	0
519	71	1	0	0.000000	1.140845	1.140845	0.000000	0.000000	0	0	0
520	68	1	0	0.000000	1.000000	1.000000	0.000000	0.000000	0	0	0
521	62	1	1	0.000000	1.000000	1.000000	0.000000	0.000000	0	0	0
522	64	0	0	0.000000	1.109375	1.109375	0.000000	0.000000	0	0	0
523	94	1	0	0.000000	1.042553	1.042553	0.000000	0.000000	0	0	0
524	64	1	0	0.000000	1.000000	1.000000	0.000000	0.000000	0	0	0
525	33	1	1	0.000000	1.000000	1.000000	0.000000	0.000000	0	0	0
526	5	2	2	0.000000	31.000000	1.200000	0.000000	0.000000	0	0	0
527	62	1	0	0.000000	1.000000	1.000000	0.000000	0.000000	0	0	0
528	5	1	1	0.000000	28.400000	1.000000	0.000000	0.000000	0	0	0
529	65	1	0	0.000000	1.000000	1.000000	0.000000	0.000000	0	0	0
530	67	1	0	0.000000	1.000000	1.000000	0.000000	0.000000	0	0	0
531	56	1	2	0.000000	19.535714	14.446429	0.000000	0.000000	0	0	0
532	52	1	1	0.000000	1.057692	1.057692	0.000000	0.000000	0	0	0
533	49	1	1	0.000000	1.000000	1.000000	0.000000	0.000000	0	0	0
534	67	1	0	0.000000	1.000000	1.000000	0.000000	0.000000	0	0	0
535	16	2	1	0.000000	14.875000	10.687500	0.000000	0.000000	0	0	0
536	3	1	1	0.000000	16.000000	12.666667	0.000000	0.000000	0	0	0
537	3	2	1	0.000000	22.666667	17.666667	0.000000	0.000000	0	0	0
538	16	2	1	0.000000	23.875000	21.187500	0.000000	0.000000	0	0	0
539	3	2	2	0.000000	26.333333	26.333333	0.000000	0.000000	0	0	0
540	18	2	1	0.000000	18.555556	11.777778	0.000000	0.000000	0	0	0
541	10	1	1	0.000000	24.200000	15.300000	0.000000	0.000000	0	0	0
542	10	1	1	0.000000	22.300000	11.900000	0.000000	0.000000	0	0	0
543	14	1	1	0.000000	20.714286	13.357143	0.000000	0.000000	0	0	0
544	10	1	2	0.000000	24.200000	13.900000	0.000000	0.000000	0	0	0
545	126	2	3	0.000000	20.920635	11.380952	0.000000	0.000000	0	0	0
546	11	2	1	0.000000	23.909091	17.818182	0.000000	0.000000	0	0	0
547	2	2	1	0.000000	23.000000	19.000000	0.000000	0.000000	0	0	0
548	5	2	1	0.000000	23.400000	20.000000	0.000000	0.000000	0	0	0
549	6	1	2	0.000000	25.333333	24.166667	0.000000	0.000000	0	0	0
550	7	1	2	0.000000	24.714286	11.428571	0.000000	0.000000	0	0	0
551	13	2	1	0.000000	20.000000	11.384615	0.000000	0.000000	0	0	0
552	2	1	1	0.000000	18.000000	6.000000	0.000000	0.000000	0	0	0
553	3	1	1	0.000000	1.000000	1.000000	0.000000	0.000000	0	0	0
554	81	2	2	0.000000	17.049383	10.617284	0.000000	0.000000	0	0	0
555	86	1	1	0.000000	1.069767	1.069767	0.000000	0.000000	0	0	0
556	76	1	1	0.000000	1.039474	1.039474	0.000000	0.000000	0	0	0
557	19	1	2	0.000000	14.315789	7.684211	0.000000	0.000000	0	0	0
558	75	1	0	0.000000	1.106667	1.106667	0.000000	0.000000	0	0	0
559	28	1	2	0.000000	12.821429	7.750000	0.000000	0.000000	0	0	0
560	67	1	0	0.000000	1.000000	1.000000	0.000000	0.000000	0	0	0
561	31	1	1	0.000000	1.000000	1.000000	0.000000	0.000000	0	0	0
562	67	1	0	0.000000	1.059701	1.029851	0.000000	0.000000	0	0	0
563	31	1	1	0.000000	1.000000	1.000000	0.000000	0.000000	0	0	0
564	62	1	0	0.000000	1.129032	1.129032	0.000000	0.000000	0	0	0
565	28	1	2	0.000000	21.500000	11.642857	0.000000	0.000000	0	0	0
566	47	1	1	0.000000	1.000000	1.000000	0.000000	0.000000	0	0	0
567	66	1	0	0.000000	1.000000	1.000000	0.000000	0.000000	0	0	0
568	31	1	1	0.000000	1.322581	1.322581	0.000000	0.000000	0	0	0
569	62	1	0	0.000000	1.000000	1.000000	0.000000	0.000000	0	0	0
570	54	1	1	0.000000	1.000000	1.000000	0.000000	0.000000	0	0	0
571	31	1	1	0.000000	1.000000	1.000000	0.000000	0.000000	0	0	0
572	60	1	1	0.000000	1.033333	1.033333	0.000000	0.000000	0	0	0
573	25	1	2	0.000000	21.720000	11.880000	0.000000	0.000000	0	0	0
574	52	1	1	0.000000	1.096154	1.096154	0.000000	0.000000	0	0	0
575	55	2	1	0.000000	1.054545	1.054545	0.000000	0.000000	0	0	0
576	67	1	1	0.000000	1.029851	1.029851	0.000000	0.000000	0	0	0
577	91	1	1	0.000000	1.120879	1.120879	0.000000	0.000000	0	0	0
578	4	1	1	0.000000	1.000000	1.000000	0.000000	0.000000	0	0	0
579	27	1	2	0.000000	31.407407	1.444444	0.000000	0.000000	0	0	0
580	31	1	1	0.000000	1.032258	1.032258	0.000000	0.000000	0	0	0
581	73	1	0	0.000000	1.164384	1.164384	0.000000	0.000000	0	0	0
582	66	0	1	0.000000	1.030303	1.030303	0.000000	0.000000	0	0	0
583	59	1	1	0.000000	1.016949	1.016949	0.000000	0.000000	0	0	0
584	67	1	0	0.000000	1.000000	1.000000	0.000000	0.000000	0	0	0
585	63	1	0	0.000000	1.000000	1.000000	0.000000	0.000000	0	0	0
586	15	1	1	0.000000	1.000000	1.000000	0.000000	0.000000	0	0	0
587	7	1	1	0.000000	1.000000	1.000000	0.000000	0.000000	0	0	0
588	14	1	1	0.000000	1.000000	1.000000	0.000000	0.000000	0	0	0
589	8	1	2	0.000000	13.250000	1.250000	0.000000	0.000000	0	0	0
590	65	1	0	0.000000	1.000000	1.000000	0.000000	0.000000	0	0	0
591	2	2	2	0.000000	27.500000	1.500000	0.000000	0.000000	0	0	0
592	63	1	0	0.000000	1.000000	1.000000	0.000000	0.000000	0	0	0
593	1	2	2	0.000000	23.000000	2.000000	0.000000	0.000000	0	0	0
594	84	2	2	0.000000	16.773810	10.940476	0.000000	0.000000	0	0	0
595	3	1	2	0.000000	26.333333	2.000000	0.000000	0.000000	0	0	0
596	63	0	0	0.000000	1.222222	1.222222	0.000000	0.000000	0	0	0
597	41	1	1	0.000000	1.000000	1.000000	0.000000	0.000000	0	0	0
598	31	1	1	0.000000	1.225806	1.225806	0.000000	0.000000	0	0	0
599	65	1	0	0.000000	1.000000	1.000000	0.000000	0.000000	0	0	0
600	69	1	0	0.000000	1.000000	1.000000	0.000000	0.000000	0	0	0
601	41	1	1	0.000000	1.073171	1.073171	0.000000	0.000000	0	0	0
602	54	1	1	0.000000	1.000000	1.000000	0.000000	0.000000	0	0	0
603	64	1	0	0.000000	1.000000	1.000000	0.000000	0.000000	0	0	0
604	22	1	1	0.000000	1.363636	1.363636	0.000000	0.000000	0	0	0
605	19	1	1	0.000000	1.105263	1.105263	0.000000	0.000000	0	0	0
606	32	2	1	0.000000	20.625000	16.187500	0.000000	0.000000	0	0	0
607	3	2	1	0.000000	27.666667	20.333333	0.000000	0.000000	0	0	0
608	31	1	1	0.000000	1.000000	1.000000	0.000000	0.000000	0	0	0
609	77	1	2	0.000000	1.129870	1.129870	0.000000	0.000000	0	0	0
610	16	2	1	0.000000	17.187500	9.562500	0.000000	0.000000	0	0	0
611	72	1	0	0.000000	1.027778	1.027778	0.000000	0.000000	0	0	0
612	7	1	2	0.000000	13.142857	10.428571	0.000000	0.000000	0	0	0
613	32	1	2	0.000000	25.187500	13.875000	0.000000	0.000000	0	0	0
614	9	2	2	0.000000	25.888889	20.555556	0.000000	0.000000	0	0	0
615	3	2	1	0.000000	21.666667	15.000000	0.000000	0.000000	0	0	0
616	12	1	1	0.000000	25.916667	1.000000	0.000000	0.000000	0	0	0
617	10	2	2	0.000000	26.200000	2.400000	0.000000	0.000000	0	0	0
618	24	1	2	0.000000	21.000000	5.750000	0.000000	0.000000	0	0	0
619	72	1	1	0.000000	1.166667	1.166667	0.000000	0.000000	0	0	0
620	19	1	1	0.000000	24.105263	17.842105	0.000000	0.000000	0	0	0
621	23	1	2	0.000000	22.782609	10.913043	0.000000	0.000000	0	0	0
622	12	1	3	0.000000	24.333333	12.583333	0.000000	0.000000	0	0	0
623	34	1	2	0.000000	19.970588	13.235294	0.000000	0.000000	0	0	0
624	5	1	1	0.000000	1.200000	1.200000	0.000000	0.000000	0	0	0
625	56	1	2	0.000000	1.142857	1.142857	0.000000	0.000000	0	0	0
626	67	1	0	0.000000	1.000000	1.000000	0.000000	0.000000	0	0	0
627	29	2	1	0.000000	23.137931	16.827586	0.000000	0.000000	0	0	0
628	9	1	1	0.000000	21.111111	10.333333	0.000000	0.000000	0	0	0
629	2	1	1	0.000000	14.500000	10.500000	0.000000	0.000000	0	0	0
630	12	1	2	0.000000	15.000000	8.416667	0.000000	0.000000	0	0	0
631	56	2	2	0.000000	15.125000	10.160714	0.000000	0.000000	0	0	0
632	15	1	1	0.000000	16.133333	10.666667	0.000000	0.000000	0	0	0
633	7	1	1	0.000000	21.714286	12.571429	0.000000	0.000000	0	0	0
634	25	1	2	0.000000	13.560000	8.680000	0.000000	0.000000	0	0	0
635	4	1	1	0.000000	28.500000	17.250000	0.000000	0.000000	0	0	0
636	25	2	2	0.000000	18.320000	5.440000	0.000000	0.000000	0	0	0
637	42	2	2	0.000000	11.785714	5.666667	0.000000	0.000000	0	0	0
638	38	2	1	0.000000	22.263158	13.052632	0.000000	0.000000	0	0	0
639	8	1	1	0.000000	18.375000	12.375000	0.000000	0.000000	0	0	0
640	19	2	2	0.000000	17.473684	11.894737	0.000000	0.000000	0	0	0
641	3	1	1	0.000000	23.333333	16.000000	0.000000	0.000000	0	0	0
642	22	1	2	0.000000	19.909091	13.818182	0.000000	0.000000	0	0	0
643	13	1	1	0.000000	22.307692	13.846154	0.000000	0.000000	0	0	0
644	65	1	0	0.000000	1.000000	1.000000	0.000000	0.000000	0	0	0
645	62	1	0	0.000000	1.000000	1.000000	0.000000	0.000000	0	0	0
646	73	1	1	0.000000	1.068493	1.068493	0.000000	0.000000	0	0	0
647	17	1	1	0.000000	1.000000	1.000000	0.000000	0.000000	0	0	0
648	64	1	0	0.000000	1.000000	1.000000	0.000000	0.000000	0	0	0
649	14	2	1	0.000000	15.357143	14.642857	0.000000	0.000000	0	0	0
650	10	1	1	0.000000	16.700000	16.000000	0.000000	0.000000	0	0	0
651	3	1	3	0.000000	18.666667	14.000000	0.000000	0.000000	0	0	0
652	31	1	1	0.000000	21.290323	14.096774	0.000000	0.000000	0	0	0
653	35	1	2	0.000000	15.000000	8.400000	0.000000	0.000000	0	0	0
654	12	2	1	0.000000	21.583333	2.000000	0.000000	0.000000	0	0	0
655	68	1	0	0.000000	1.000000	1.000000	0.000000	0.000000	0	0	0
656	4	1	1	0.000000	1.000000	1.000000	0.000000	0.000000	0	0	0
657	14	1	2	0.000000	19.214286	1.785714	0.000000	0.000000	0	0	0
658	65	1	0	0.000000	1.000000	1.000000	0.000000	0.000000	0	0	0
659	65	1	0	0.000000	1.000000	1.000000	0.000000	0.000000	0	0	0
660	2	1	2	0.000000	2.000000	2.000000	0.000000	0.000000	0	0	0
661	12	2	1	0.000000	21.000000	5.250000	0.000000	0.000000	0	0	0
662	62	1	0	0.000000	1.000000	1.000000	0.000000	0.000000	0	0	0
663	11	1	2	0.000000	18.636364	9.181818	0.000000	0.000000	0	0	0
664	21	2	2	0.000000	19.333333	8.619048	0.000000	0.000000	0	0	0
665	1	1	1	0.000000	19.000000	9.000000	0.000000	0.000000	0	0	0
666	50	1	2	0.000000	21.460000	13.080000	0.000000	0.000000	0	0	0
667	62	1	0	0.000000	1.000000	1.000000	0.000000	0.000000	0	0	0
668	15	1	1	0.000000	15.200000	10.800000	0.000000	0.000000	0	0	0
669	63	1	1	0.000000	1.000000	1.000000	0.000000	0.000000	0	0	0
670	21	1	1	0.000000	1.000000	1.000000	0.000000	0.000000	0	0	0
671	1	1	2	0.000000	17.000000	10.000000	0.000000	0.000000	0	0	0
672	68	1	0	0.000000	1.000000	1.000000	0.000000	0.000000	0	0	0
673	63	1	0	0.000000	1.000000	1.000000	0.000000	0.000000	0	0	0
674	53	1	2	0.000000	14.641509	10.660377	0.000000	0.000000	0	0	0
675	98	1	0	0.000000	1.040816	1.040816	0.000000	0.000000	0	0	0
676	63	2	2	0.000000	19.968254	10.126984	0.000000	0.000000	0	0	0
677	41	1	1	0.000000	1.097561	1.097561	0.000000	0.000000	0	0	0
678	68	1	0	0.000000	1.000000	1.000000	0.000000	0.000000	0	0	0
679	69	1	0	0.000000	1.043478	1.043478	0.000000	0.000000	0	0	0
680	21	1	2	0.000000	24.571429	1.190476	0.000000	0.000000	0	0	0
681	1	1	1	0.000000	1.000000	1.000000	0.000000	0.000000	0	0	0
682	68	1	0	0.000000	1.000000	1.000000	0.000000	0.000000	0	0	0
683	42	1	1	0.000000	1.000000	1.000000	0.000000	0.000000	0	0	0
684	8	2	2	0.000000	25.500000	4.625000	0.000000	0.000000	0	0	0
685	45	1	1	0.000000	1.000000	1.000000	0.000000	0.000000	0	0	0
686	69	1	0	0.000000	1.028986	1.028986	0.000000	0.000000	0	0	0
687	65	1	0	0.000000	1.000000	1.000000	0.000000	0.000000	0	0	0
688	67	1	0	0.000000	1.000000	1.000000	0.000000	0.000000	0	0	0
689	61	1	1	0.000000	1.000000	1.000000	0.000000	0.000000	0	0	0
690	65	1	0	0.000000	1.000000	1.000000	0.000000	0.000000	0	0	0
691	6	1	1	0.000000	1.000000	1.000000	0.000000	0.000000	0	0	0
692	69	1	0	0.000000	1.000000	1.000000	0.000000	0.000000	0	0	0
693	31	1	1	0.000000	2.096774	1.161290	0.000000	0.000000	0	0	0
694	69	1	0	0.000000	1.000000	1.000000	0.000000	0.000000	0	0	0
695	64	1	0	0.000000	1.000000	1.000000	0.000000	0.000000	0	0	0
696	65	1	0	0.000000	1.000000	1.000000	0.000000	0.000000	0	0	0
697	66	1	0	0.000000	1.227273	1.227273	0.000000	0.000000	0	0	0
698	91	1	1	0.000000	1.120879	1.120879	0.000000	0.000000	0	0	0
699	15	1	2	0.000000	12.800000	6.533333	0.000000	0.000000	0	0	0
700	146	1	2	0.000000	25.226027	15.479452	0.000000	0.000000	0	0	0
701	31	1	1	0.000000	1.000000	1.000000	0.000000	0.000000	0	0	0
702	68	2	2	0.000000	20.573529	9.294118	0.000000	0.000000	0	0	0
703	19	1	2	0.000000	12.684211	11.315789	0.000000	0.000000	0	0	0
704	87	1	0	0.000000	1.091954	1.091954	0.000000	0.000000	0	0	0
705	117	1	2	0.000000	16.811966	11.452991	0.000000	0.000000	0	0	0
706	48	1	1	0.000000	1.041667	1.041667	0.000000	0.000000	0	0	0
707	8	1	2	0.000000	21.500000	13.625000	0.000000	0.000000	0	0	0
708	80	2	2	0.000000	20.487500	12.637500	0.000000	0.000000	0	0	0
709	3	2	2	0.000000	25.666667	12.000000	0.000000	0.000000	0	0	0
710	22	1	1	0.000000	21.363636	6.045455	0.000000	0.000000	0	0	0
711	90	1	0	0.000000	1.033333	1.033333	0.000000	0.000000	0	0	0
712	48	1	2	0.000000	23.250000	11.916667	0.000000	0.000000	0	0	0
713	62	1	0	0.000000	1.000000	1.000000	0.000000	0.000000	0	0	0
714	148	2	2	0.000000	17.425676	12.162162	0.000000	0.000000	0	0	0
715	16	1	1	0.000000	1.000000	1.000000	0.000000	0.000000	0	0	0
716	77	1	0	0.000000	1.168831	1.038961	0.000000	0.000000	0	0	0
717	64	1	0	0.000000	1.000000	1.000000	0.000000	0.000000	0	0	0
718	50	1	1	0.000000	1.040000	1.040000	0.000000	0.000000	0	0	0
719	31	1	1	0.000000	1.000000	1.000000	0.000000	0.000000	0	0	0
720	10	2	2	0.000000	22.300000	1.500000	0.000000	0.000000	0	0	0
721	38	1	1	0.000000	22.157895	13.973684	0.000000	0.000000	0	0	0
722	62	1	0	0.000000	1.000000	1.000000	0.000000	0.000000	0	0	0
723	68	1	0	0.000000	1.000000	1.000000	0.000000	0.000000	0	0	0
724	9	1	1	0.000000	1.000000	1.000000	0.000000	0.000000	0	0	0
725	22	1	2	0.000000	1.727273	1.727273	0.000000	0.000000	0	0	0
726	84	0	1	0.000000	1.035714	1.035714	0.000000	0.000000	0	0	0
727	57	1	1	0.000000	1.000000	1.000000	0.000000	0.000000	0	0	0
728	4	1	1	0.000000	1.000000	1.000000	0.000000	0.000000	0	0	0
729	8	1	1	0.000000	1.000000	1.000000	0.000000	0.000000	0	0	0
730	1	2	2	0.000000	22.000000	2.000000	0.000000	0.000000	0	0	0
731	65	1	0	0.000000	1.000000	1.000000	0.000000	0.000000	0	0	0
732	63	1	0	0.000000	1.301587	1.285714	0.000000	0.000000	0	0	0
733	49	1	1	0.000000	1.000000	1.000000	0.000000	0.000000	0	0	0
734	64	1	0	0.000000	1.000000	1.000000	0.000000	0.000000	0	0	0
735	62	1	0	0.000000	1.000000	1.000000	0.000000	0.000000	0	0	0
736	60	1	1	0.000000	1.100000	1.100000	0.000000	0.000000	0	0	0
737	64	1	0	0.000000	1.234375	1.234375	0.000000	0.000000	0	0	0
738	5	1	1	0.000000	1.000000	1.000000	0.000000	0.000000	0	0	0
739	63	0	0	0.000000	1.000000	1.000000	0.000000	0.000000	0	0	0
740	68	1	0	0.000000	1.000000	1.000000	0.000000	0.000000	0	0	0
741	62	0	0	0.000000	1.000000	1.000000	0.000000	0.000000	0	0	0
742	27	2	2	0.000000	19.481481	15.259259	0.000000	0.000000	0	0	0
743	25	1	1	0.000000	17.720000	10.280000	0.000000	0.000000	0	0	0
744	13	1	2	0.000000	19.230769	8.384615	0.000000	0.000000	0	0	0
745	50	1	1	0.000000	17.820000	8.460000	0.000000	0.000000	0	0	0
746	3	1	2	0.000000	14.000000	11.333333	0.000000	0.000000	0	0	0
747	77	1	2	0.000000	14.870130	10.701299	0.000000	0.000000	0	0	0
748	12	2	3	0.000000	18.500000	14.250000	0.000000	0.000000	0	0	0
749	34	2	2	0.000000	25.970588	9.852941	0.000000	0.000000	0	0	0
750	1	2	1	0.000000	24.000000	16.000000	0.000000	0.000000	0	0	0
751	9	1	1	0.000000	24.222222	13.777778	0.000000	0.000000	0	0	0
752	44	2	2	0.000000	21.681818	16.340909	0.000000	0.000000	0	0	0
753	45	1	1	0.000000	16.666667	12.888889	0.000000	0.000000	0	0	0
754	10	2	2	0.000000	20.800000	15.000000	0.000000	0.000000	0	0	0
755	4	1	1	0.000000	17.750000	13.750000	0.000000	0.000000	0	0	0
756	54	1	2	0.000000	15.351852	10.888889	0.000000	0.000000	0	0	0
757	1	1	2	0.000000	28.000000	18.000000	0.000000	0.000000	0	0	0
758	62	2	2	0.000000	19.354839	10.645161	0.000000	0.000000	0	0	0
759	11	1	1	0.000000	19.000000	10.636364	0.000000	0.000000	0	0	0
760	16	1	2	0.000000	20.937500	15.000000	0.000000	0.000000	0	0	0
761	99	1	2	0.000000	19.414141	9.525253	0.000000	0.000000	0	0	0
762	31	1	1	0.000000	1.000000	1.000000	0.000000	0.000000	0	0	0
763	54	1	2	0.000000	21.740741	14.759259	0.000000	0.000000	0	0	0
764	51	1	1	0.000000	1.000000	1.000000	0.000000	0.000000	0	0	0
765	19	1	2	0.000000	20.157895	13.421053	0.000000	0.000000	0	0	0
766	17	1	2	0.000000	17.058824	9.588235	0.000000	0.000000	0	0	0
767	53	1	1	0.000000	1.000000	1.000000	0.000000	0.000000	0	0	0
768	63	1	0	0.000000	1.000000	1.000000	0.000000	0.000000	0	0	0
769	28	1	2	0.000000	18.571429	12.535714	0.000000	0.000000	0	0	0
770	10	1	1	0.000000	1.000000	1.000000	0.000000	0.000000	0	0	0
771	67	1	0	0.000000	1.000000	1.000000	0.000000	0.000000	0	0	0
772	51	1	1	0.000000	1.137255	1.137255	0.000000	0.000000	0	0	0
773	63	1	0	0.000000	1.000000	1.000000	0.000000	0.000000	0	0	0
774	65	1	0	0.000000	1.000000	1.000000	0.000000	0.000000	0	0	0
775	22	1	1	0.000000	1.000000	1.000000	0.000000	0.000000	0	0	0
776	12	1	1	0.000000	1.000000	1.000000	0.000000	0.000000	0	0	0
777	62	1	0	0.000000	1.000000	1.000000	0.000000	0.000000	0	0	0
778	31	1	1	0.000000	1.000000	1.000000	0.000000	0.000000	0	0	0
779	62	1	0	0.000000	1.000000	1.000000	0.000000	0.000000	0	0	0
780	67	1	0	0.000000	1.000000	1.000000	0.000000	0.000000	0	0	0
781	13	1	1	0.000000	1.000000	1.000000	0.000000	0.000000	0	0	0
782	63	1	0	0.000000	1.000000	1.000000	0.000000	0.000000	0	0	0
783	58	1	1	0.000000	1.000000	1.000000	0.000000	0.000000	0	0	0
784	2	1	1	0.000000	1.000000	1.000000	0.000000	0.000000	0	0	0
785	11	1	1	0.000000	1.000000	1.000000	0.000000	0.000000	0	0	0
786	20	1	2	0.000000	1.300000	1.300000	0.000000	0.000000	0	0	0
787	75	1	0	0.000000	1.133333	1.133333	0.000000	0.000000	0	0	0
788	51	1	1	0.000000	1.000000	1.000000	0.000000	0.000000	0	0	0
789	1	2	2	0.000000	22.000000	2.000000	0.000000	0.000000	0	0	0
790	65	1	0	0.000000	1.000000	1.000000	0.000000	0.000000	0	0	0
791	66	1	0	0.000000	1.000000	1.000000	0.000000	0.000000	0	0	0
792	46	1	1	0.000000	1.000000	1.000000	0.000000	0.000000	0	0	0
793	67	1	0	0.000000	1.000000	1.000000	0.000000	0.000000	0	0	0
794	65	1	0	0.000000	1.000000	1.000000	0.000000	0.000000	0	0	0
795	68	1	1	0.000000	1.029412	1.029412	0.000000	0.000000	0	0	0
796	67	0	0	0.000000	1.000000	1.000000	0.000000	0.000000	0	0	0
797	27	1	2	0.000000	17.444444	9.703704	0.000000	0.000000	0	0	0
798	39	2	1	0.000000	27.128205	13.025641	0.000000	0.000000	0	0	0
799	1	1	2	0.000000	26.000000	23.000000	0.000000	0.000000	0	0	0
800	12	1	1	0.000000	20.000000	15.000000	0.000000	0.000000	0	0	0
801	104	1	2	0.000000	22.557692	14.221154	0.000000	0.000000	0	0	0
802	80	1	2	0.000000	12.800000	9.025000	0.000000	0.000000	0	0	0
803	2	2	2	0.000000	15.500000	14.000000	0.000000	0.000000	0	0	0
804	2	2	1	0.000000	13.500000	12.000000	0.000000	0.000000	0	0	0
805	1	1	1	0.000000	13.000000	12.000000	0.000000	0.000000	0	0	0
806	3	1	2	0.000000	13.666667	11.333333	0.000000	0.000000	0	0	0
807	15	1	2	0.000000	16.000000	13.000000	0.000000	0.000000	0	0	0
808	3	1	2	0.000000	16.000000	12.000000	0.000000	0.000000	0	0	0
809	7	1	2	0.000000	18.000000	14.714286	0.000000	0.000000	0	0	0
810	32	1	1	0.000000	15.593750	13.156250	0.000000	0.000000	0	0	0
811	36	1	2	0.000000	24.000000	17.194444	0.000000	0.000000	0	0	0
812	1	1	1	0.000000	19.000000	12.000000	0.000000	0.000000	0	0	0
813	6	1	1	0.000000	1.000000	1.000000	0.000000	0.000000	0	0	0
814	58	1	1	0.000000	20.000000	14.258621	0.000000	0.000000	0	0	0
815	47	1	1	0.000000	17.659574	6.148936	0.000000	0.000000	0	0	0
816	69	1	0	0.000000	1.000000	1.000000	0.000000	0.000000	0	0	0
817	17	2	1	0.000000	22.823529	1.000000	0.000000	0.000000	0	0	0
818	35	2	2	0.000000	19.314286	14.685714	0.000000	0.000000	0	0	0
819	2	2	1	0.000000	26.000000	20.500000	0.000000	0.000000	0	0	0
820	4	2	1	0.000000	22.000000	16.500000	0.000000	0.000000	0	0	0
821	8	1	1	0.000000	17.000000	10.125000	0.000000	0.000000	0	0	0
822	6	1	2	0.000000	16.833333	9.833333	0.000000	0.000000	0	0	0
823	69	0	0	0.000000	1.057971	1.057971	0.000000	0.000000	0	0	0
824	13	1	2	0.000000	14.461538	9.538462	0.000000	0.000000	0	0	0
825	45	1	1	0.000000	1.044444	1.044444	0.000000	0.000000	0	0	0
826	18	2	1	0.000000	1.722222	1.722222	0.000000	0.000000	0	0	0
827	39	1	1	0.000000	1.000000	1.000000	0.000000	0.000000	0	0	0
828	14	1	2	0.000000	18.428571	9.285714	0.000000	0.000000	0	0	0
829	62	1	0	0.000000	1.000000	1.000000	0.000000	0.000000	0	0	0
830	72	0	0	0.000000	1.097222	1.097222	0.000000	0.000000	0	0	0
831	3	1	1	0.000000	1.000000	1.000000	0.000000	0.000000	0	0	0
832	4	1	2	0.000000	16.500000	2.000000	0.000000	0.000000	0	0	0
833	66	1	0	0.000000	1.000000	1.000000	0.000000	0.000000	0	0	0
834	51	1	1	0.000000	1.196078	1.196078	0.000000	0.000000	0	0	0
835	69	1	0	0.000000	1.000000	1.000000	0.000000	0.000000	0	0	0
836	21	1	1	0.000000	1.000000	1.000000	0.000000	0.000000	0	0	0
837	67	1	0	0.000000	1.000000	1.000000	0.000000	0.000000	0	0	0
838	64	1	0	0.000000	1.000000	1.000000	0.000000	0.000000	0	0	0
839	8	1	1	0.000000	18.125000	7.125000	0.000000	0.000000	0	0	0
840	1	1	1	0.000000	1.000000	1.000000	0.000000	0.000000	0	0	0
841	62	1	0	0.000000	1.000000	1.000000	0.000000	0.000000	0	0	0
842	5	1	1	0.000000	1.000000	1.000000	0.000000	0.000000	0	0	0
843	51	1	1	0.000000	1.000000	1.000000	0.000000	0.000000	0	0	0
844	65	1	0	0.000000	1.000000	1.000000	0.000000	0.000000	0	0	0
845	57	1	1	0.000000	1.070175	1.070175	0.000000	0.000000	0	0	0
846	64	0	0	0.000000	1.000000	1.000000	0.000000	0.000000	0	0	0
847	62	1	0	0.000000	1.000000	1.000000	0.000000	0.000000	0	0	0
848	63	1	0	0.000000	1.000000	1.000000	0.000000	0.000000	0	0	0
849	68	1	0	0.000000	1.000000	1.000000	0.000000	0.000000	0	0	0
850	70	0	0	0.000000	1.042857	1.042857	0.000000	0.000000	0	0	0
851	64	1	0	0.000000	1.000000	1.000000	0.000000	0.000000	0	0	0
852	77	1	0	0.000000	1.168831	1.168831	0.000000	0.000000	0	0	0
853	8	1	1	0.000000	1.000000	1.000000	0.000000	0.000000	0	0	0
854	15	2	2	0.000000	25.200000	1.400000	0.000000	0.000000	0	0	0
855	4	2	2	0.000000	18.250000	11.250000	0.000000	0.000000	0	0	0
856	10	2	2	0.000000	22.900000	10.400000	0.000000	0.000000	0	0	0
857	6	1	1	0.000000	19.500000	15.166667	0.000000	0.000000	0	0	0
858	2	2	2	0.000000	20.000000	13.500000	0.000000	0.000000	0	0	0
859	21	1	2	0.000000	16.904762	10.571429	0.000000	0.000000	0	0	0
860	44	2	2	0.000000	21.772727	10.568182	0.000000	0.000000	0	0	0
861	8	1	1	0.000000	19.500000	17.250000	0.000000	0.000000	0	0	0
862	2	1	2	0.000000	20.000000	17.000000	0.000000	0.000000	0	0	0
863	6	1	2	0.000000	25.000000	16.833333	0.000000	0.000000	0	0	0
864	11	2	1	0.000000	24.454545	14.000000	0.000000	0.000000	0	0	0
865	5	1	1	0.000000	26.800000	18.200000	0.000000	0.000000	0	0	0
866	43	1	2	0.000000	22.162791	16.906977	0.000000	0.000000	0	0	0
867	62	2	2	0.000000	16.629032	4.951613	0.000000	0.000000	0	0	0
868	43	2	2	0.000000	19.186047	14.651163	0.000000	0.000000	0	0	0
869	19	1	1	0.000000	19.315789	13.473684	0.000000	0.000000	0	0	0
870	5	2	2	0.000000	23.800000	19.400000	0.000000	0.000000	0	0	0
871	87	1	2	0.000000	21.724138	15.183908	0.000000	0.000000	0	0	0
872	68	1	0	0.000000	1.000000	1.000000	0.000000	0.000000	0	0	0
873	68	1	0	0.000000	1.000000	1.000000	0.000000	0.000000	0	0	0
874	17	1	2	0.000000	20.823529	12.588235	0.000000	0.000000	0	0	0
875	64	1	0	0.000000	1.000000	1.000000	0.000000	0.000000	0	0	0
876	70	0	0	0.000000	1.014286	1.014286	0.000000	0.000000	0	0	0
877	62	1	0	0.000000	1.000000	1.000000	0.000000	0.000000	0	0	0
878	66	1	1	0.000000	1.000000	1.000000	0.000000	0.000000	0	0	0
879	14	1	1	0.000000	1.714286	1.642857	0.000000	0.000000	0	0	0
880	75	1	0	0.000000	1.360000	1.040000	0.000000	0.000000	0	0	0
881	62	1	0	0.000000	1.000000	1.000000	0.000000	0.000000	0	0	0
882	67	0	1	0.000000	1.014925	1.014925	0.000000	0.000000	0	0	0
883	65	1	0	0.000000	1.000000	1.000000	0.000000	0.000000	0	0	0
884	3	2	2	0.000000	28.666667	2.000000	0.000000	0.000000	0	0	0
885	35	1	1	0.000000	1.000000	1.000000	0.000000	0.000000	0	0	0
886	31	1	1	0.000000	1.000000	1.000000	0.000000	0.000000	0	0	0
887	69	1	0	0.000000	1.000000	1.000000	0.000000	0.000000	0	0	0
888	57	1	1	0.000000	1.000000	1.000000	0.000000	0.000000	0	0	0
889	62	1	0	0.000000	1.000000	1.000000	0.000000	0.000000	0	0	0
890	59	1	1	0.000000	1.000000	1.000000	0.000000	0.000000	0	0	0
891	72	1	0	0.000000	1.055556	1.055556	0.000000	0.000000	0	0	0
892	60	1	1	0.000000	1.000000	1.000000	0.000000	0.000000	0	0	0
893	7	1	2	0.000000	1.285714	1.285714	0.000000	0.000000	0	0	0
894	8	1	1	0.000000	1.000000	1.000000	0.000000	0.000000	0	0	0
895	49	1	1	0.000000	1.000000	1.000000	0.000000	0.000000	0	0	0
896	38	1	1	0.000000	1.000000	1.000000	0.000000	0.000000	0	0	0
897	68	0	0	0.000000	1.000000	1.000000	0.000000	0.000000	0	0	0
898	42	1	1	0.000000	1.023810	1.023810	0.000000	0.000000	0	0	0
899	58	1	1	0.000000	1.000000	1.000000	0.000000	0.000000	0	0	0
900	43	1	1	0.000000	1.139535	1.139535	0.000000	0.000000	0	0	0
901	63	1	0	0.000000	1.000000	1.000000	0.000000	0.000000	0	0	0
902	10	1	2	0.000000	18.800000	1.100000	0.000000	0.000000	0	0	0
903	67	1	1	0.000000	1.089552	1.089552	0.000000	0.000000	0	0	0
904	11	2	2	0.000000	21.818182	6.545455	0.000000	0.000000	0	0	0
905	22	1	2	0.000000	15.272727	13.318182	0.000000	0.000000	0	0	0
906	59	1	2	0.000000	18.677966	14.694915	0.000000	0.000000	0	0	0
907	19	1	2	0.000000	20.842105	13.052632	0.000000	0.000000	0	0	0
908	46	1	1	0.000000	20.021739	9.500000	0.000000	0.000000	0	0	0
909	15	1	2	0.000000	16.800000	11.266667	0.000000	0.000000	0	0	0
910	7	2	2	0.000000	16.142857	11.857143	0.000000	0.000000	0	0	0
911	17	2	2	0.000000	18.411765	11.941176	0.000000	0.000000	0	0	0
912	25	1	2	0.000000	14.960000	10.840000	0.000000	0.000000	0	0	0
913	66	0	0	0.000000	1.000000	1.000000	0.000000	0.000000	0	0	0
914	11	1	2	0.000000	12.727273	9.090909	0.000000	0.000000	0	0	0
915	9	1	2	0.000000	12.333333	8.222222	0.000000	0.000000	0	0	0
916	28	1	2	0.000000	18.000000	10.464286	0.000000	0.000000	0	0	0
917	64	1	0	0.000000	1.000000	1.000000	0.000000	0.000000	0	0	0
918	3	2	2	0.000000	29.000000	17.333333	0.000000	0.000000	0	0	0
919	8	1	2	0.000000	20.875000	13.375000	0.000000	0.000000	0	0	0
920	6	2	2	0.000000	22.000000	14.833333	0.000000	0.000000	0	0	0
921	19	2	2	0.000000	25.157895	16.526316	0.000000	0.000000	0	0	0
922	1	2	1	0.000000	26.000000	16.000000	0.000000	0.000000	0	0	0
923	44	2	1	0.000000	20.977273	12.340909	0.000000	0.000000	0	0	0
924	31	1	1	0.000000	1.419355	1.419355	0.000000	0.000000	0	0	0
925	1	1	2	0.000000	13.000000	9.000000	0.000000	0.000000	0	0	0
926	1	2	2	0.000000	14.000000	10.000000	0.000000	0.000000	0	0	0
927	68	0	0	0.000000	1.000000	1.000000	0.000000	0.000000	0	0	0
928	25	1	2	0.000000	19.440000	11.280000	0.000000	0.000000	0	0	0
929	7	1	2	0.000000	17.000000	16.000000	0.000000	0.000000	0	0	0
930	2	1	2	0.000000	19.500000	16.500000	0.000000	0.000000	0	0	0
931	1	1	2	0.000000	20.000000	17.000000	0.000000	0.000000	0	0	0
932	11	2	2	0.000000	19.909091	16.545455	0.000000	0.000000	0	0	0
933	68	0	0	0.000000	1.058824	1.058824	0.000000	0.000000	0	0	0
934	47	1	1	0.000000	1.404255	1.255319	0.000000	0.000000	0	0	0
935	44	1	2	0.000000	19.204545	10.136364	0.000000	0.000000	0	0	0
936	25	1	2	0.000000	18.680000	15.600000	0.000000	0.000000	0	0	0
937	20	1	1	0.000000	17.850000	11.850000	0.000000	0.000000	0	0	0
938	7	2	2	0.000000	26.000000	14.857143	0.000000	0.000000	0	0	0
939	1	1	1	0.000000	23.000000	14.000000	0.000000	0.000000	0	0	0
940	39	1	2	0.000000	19.487179	14.358974	0.000000	0.000000	0	0	0
941	26	2	1	0.000000	19.576923	12.153846	0.000000	0.000000	0	0	0
942	21	1	1	0.000000	1.238095	1.238095	0.000000	0.000000	0	0	0
943	5	1	2	0.000000	25.600000	2.000000	0.000000	0.000000	0	0	0
944	6	1	2	0.000000	25.833333	13.333333	0.000000	0.000000	0	0	0
945	11	1	2	0.000000	26.454545	16.000000	0.000000	0.000000	0	0	0
946	1	1	1	0.000000	16.000000	9.000000	0.000000	0.000000	0	0	0
947	31	1	1	0.000000	1.258065	1.258065	0.000000	0.000000	0	0	0
948	68	1	0	0.000000	1.573529	1.088235	0.000000	0.000000	0	0	0
949	16	1	1	0.000000	1.000000	1.000000	0.000000	0.000000	0	0	0
950	5	1	2	0.000000	17.800000	1.400000	0.000000	0.000000	0	0	0
951	31	1	2	0.000000	14.225806	9.129032	0.000000	0.000000	0	0	0
952	40	1	1	0.000000	1.050000	1.050000	0.000000	0.000000	0	0	0
953	1	1	2	0.000000	21.000000	2.000000	0.000000	0.000000	0	0	0
954	69	1	0	0.000000	1.000000	1.000000	0.000000	0.000000	0	0	0
955	68	1	0	0.000000	1.000000	1.000000	0.000000	0.000000	0	0	0
956	50	1	1	0.000000	1.000000	1.000000	0.000000	0.000000	0	0	0
957	69	0	0	0.000000	1.028986	1.028986	0.000000	0.000000	0	0	0
958	83	1	1	0.000000	1.060241	1.060241	0.000000	0.000000	0	0	0
959	3	1	1	0.000000	24.000000	1.000000	0.000000	0.000000	0	0	0
960	62	1	0	0.000000	1.032258	1.032258	0.000000	0.000000	0	0	0
961	39	1	1	0.000000	1.282051	1.282051	0.000000	0.000000	0	0	0
962	62	1	0	0.000000	1.000000	1.000000	0.000000	0.000000	0	0	0
963	23	1	1	0.000000	1.000000	1.000000	0.000000	0.000000	0	0	0
964	73	1	1	0.000000	1.095890	1.095890	0.000000	0.000000	0	0	0
965	3	1	1	0.000000	1.000000	1.000000	0.000000	0.000000	0	0	0
966	14	2	2	0.000000	21.285714	17.428571	0.000000	0.000000	0	0	0
967	18	2	2	0.000000	16.055556	13.222222	0.000000	0.000000	0	0	0
968	17	1	1	0.000000	14.470588	12.294118	0.000000	0.000000	0	0	0
969	33	1	2	0.000000	20.393939	9.272727	0.000000	0.000000	0	0	0
970	13	1	2	0.000000	11.153846	8.000000	0.000000	0.000000	0	0	0
971	15	1	2	0.000000	11.266667	8.266667	0.000000	0.000000	0	0	0
972	78	1	1	0.000000	1.012821	1.012821	0.000000	0.000000	0	0	0
973	3	2	2	0.000000	27.000000	1.333333	0.000000	0.000000	0	0	0
974	20	1	2	0.000000	26.400000	12.750000	0.000000	0.000000	0	0	0
975	1	2	2	0.000000	29.000000	16.000000	0.000000	0.000000	0	0	0
976	5	2	1	0.000000	28.800000	14.000000	0.000000	0.000000	0	0	0
977	5	1	1	0.000000	24.800000	13.600000	0.000000	0.000000	0	0	0
978	16	2	2	0.000000	16.875000	12.312500	0.000000	0.000000	0	0	0
979	1	1	1	0.000000	26.000000	14.000000	0.000000	0.000000	0	0	0
980	54	1	1	0.000000	1.037037	1.037037	0.000000	0.000000	0	0	0
981	13	2	2	0.000000	26.230769	15.076923	0.000000	0.000000	0	0	0
982	17	1	1	0.000000	20.411765	15.647059	0.000000	0.000000	0	0	0
983	14	1	2	0.000000	19.285714	14.214286	0.000000	0.000000	0	0	0
984	11	1	1	0.000000	17.545455	12.363636	0.000000	0.000000	0	0	0
985	3	1	2	0.000000	24.000000	11.000000	0.000000	0.000000	0	0	0
986	21	1	2	0.000000	21.809524	12.333333	0.000000	0.000000	0	0	0
987	6	1	2	0.000000	20.500000	11.000000	0.000000	0.000000	0	0	0
988	2	2	2	0.000000	20.500000	12.000000	0.000000	0.000000	0	0	0
989	44	1	1	0.000000	1.113636	1.113636	0.000000	0.000000	0	0	0
990	5	2	2	0.000000	24.800000	19.000000	0.000000	0.000000	0	0	0
991	2	1	1	0.000000	24.500000	17.000000	0.000000	0.000000	0	0	0
992	26	2	2	0.000000	16.307692	12.538462	0.000000	0.000000	0	0	0
993	11	1	1	0.000000	17.181818	12.181818	0.000000	0.000000	0	0	0
994	45	1	2	0.000000	16.466667	10.866667	0.000000	0.000000	0	0	0
995	95	1	2	0.000000	23.231579	12.284211	0.000000	0.000000	0	0	0
996	44	2	2	0.000000	19.909091	16.136364	0.000000	0.000000	0	0	0
997	23	2	2	0.000000	25.782609	17.000000	0.000000	0.000000	0	0	0
998	11	2	1	0.000000	26.090909	17.727273	0.000000	0.000000	0	0	0
999	12	2	1	0.000000	26.000000	17.916667	0.000000	0.000000	0	0	0
1000	20	1	1	0.000000	24.400000	15.600000	0.000000	0.000000	0	0	0
1001	37	2	2	0.000000	11.702703	7.540541	0.000000	0.000000	0	0	0
1002	10	1	1	0.000000	17.800000	9.500000	0.000000	0.000000	0	0	0
1003	6	2	2	0.000000	22.000000	12.500000	0.000000	0.000000	0	0	0
1004	25	1	2	0.000000	17.120000	9.600000	0.000000	0.000000	0	0	0
1005	2	2	2	0.000000	18.500000	13.500000	0.000000	0.000000	0	0	0
1006	22	1	2	0.000000	21.181818	13.136364	0.000000	0.000000	0	0	0
1007	7	1	2	0.000000	15.571429	12.428571	0.000000	0.000000	0	0	0
1008	64	1	0	0.000000	1.000000	1.000000	0.000000	0.000000	0	0	0
1009	69	1	0	0.000000	1.086957	1.086957	0.000000	0.000000	0	0	0
1010	34	2	2	0.000000	16.676471	12.558824	0.000000	0.000000	0	0	0
1011	3	1	1	0.000000	18.000000	10.666667	0.000000	0.000000	0	0	0
1012	4	2	2	0.000000	23.750000	15.500000	0.000000	0.000000	0	0	0
1013	3	1	1	0.000000	20.666667	14.000000	0.000000	0.000000	0	0	0
1014	128	2	2	0.000000	18.617188	13.703125	0.000000	0.000000	0	0	0
1015	67	1	0	0.000000	1.000000	1.000000	0.000000	0.000000	0	0	0
1016	4	2	2	0.000000	17.750000	14.750000	0.000000	0.000000	0	0	0
1017	68	1	0	0.000000	1.000000	1.000000	0.000000	0.000000	0	0	0
1018	63	1	0	0.000000	1.365079	1.365079	0.000000	0.000000	0	0	0
1019	16	1	2	0.000000	21.000000	11.000000	0.000000	0.000000	0	0	0
1020	6	1	1	0.000000	22.166667	14.833333	0.000000	0.000000	0	0	0
1021	38	2	2	0.000000	15.315789	9.552632	0.000000	0.000000	0	0	0
1022	4	1	1	0.000000	13.500000	9.250000	0.000000	0.000000	0	0	0
1023	65	1	0	0.000000	1.000000	1.000000	0.000000	0.000000	0	0	0
1024	53	1	1	0.000000	1.000000	1.000000	0.000000	0.000000	0	0	0
1025	56	1	2	0.000000	10.375000	8.142857	0.000000	0.000000	0	0	0
1026	4	1	1	0.000000	1.000000	1.000000	0.000000	0.000000	0	0	0
1027	1	2	1	0.000000	16.000000	11.000000	0.000000	0.000000	0	0	0
1028	64	0	0	0.000000	1.000000	1.000000	0.000000	0.000000	0	0	0
1029	20	1	1	0.000000	1.000000	1.000000	0.000000	0.000000	0	0	0
1030	11	2	1	0.000000	19.090909	8.090909	0.000000	0.000000	0	0	0
1031	67	1	0	0.000000	1.000000	1.000000	0.000000	0.000000	0	0	0
1032	55	1	1	0.000000	1.000000	1.000000	0.000000	0.000000	0	0	0
1033	62	1	0	0.000000	1.000000	1.000000	0.000000	0.000000	0	0	0
1034	63	1	0	0.000000	1.000000	1.000000	0.000000	0.000000	0	0	0
1035	63	1	0	0.000000	1.000000	1.000000	0.000000	0.000000	0	0	0
1036	62	1	0	0.000000	1.000000	1.000000	0.000000	0.000000	0	0	0
1037	62	1	0	0.000000	1.000000	1.000000	0.000000	0.000000	0	0	0
1038	63	0	0	0.000000	1.000000	1.000000	0.000000	0.000000	0	0	0
1039	67	1	0	0.000000	1.000000	1.000000	0.000000	0.000000	0	0	0
1040	5	1	1	0.000000	1.000000	1.000000	0.000000	0.000000	0	0	0
1041	63	1	0	0.000000	1.000000	1.000000	0.000000	0.000000	0	0	0
1042	64	1	0	0.000000	1.015625	1.015625	0.000000	0.000000	0	0	0
1043	69	1	0	0.000000	1.000000	1.000000	0.000000	0.000000	0	0	0
1044	66	1	0	0.000000	1.000000	1.000000	0.000000	0.000000	0	0	0
1045	65	1	0	0.000000	1.000000	1.000000	0.000000	0.000000	0	0	0
1046	16	1	1	0.000000	1.000000	1.000000	0.000000	0.000000	0	0	0
1047	3	2	2	0.000000	26.000000	15.666667	0.000000	0.000000	0	0	0
1048	4	1	1	0.000000	23.500000	10.750000	0.000000	0.000000	0	0	0
1049	67	1	0	0.000000	1.000000	1.000000	0.000000	0.000000	0	0	0
1050	66	1	0	0.000000	1.000000	1.000000	0.000000	0.000000	0	0	0
1051	24	1	1	0.000000	1.041667	1.041667	0.000000	0.000000	0	0	0
1052	2	1	2	0.000000	16.000000	15.000000	0.000000	0.000000	0	0	0
1053	2	1	2	0.000000	14.500000	13.500000	0.000000	0.000000	0	0	0
1054	41	1	1	0.000000	1.048780	1.048780	0.000000	0.000000	0	0	0
1055	53	2	1	0.000000	18.641509	1.000000	0.000000	0.000000	0	0	0
1056	31	1	1	0.000000	1.193548	1.193548	0.000000	0.000000	0	0	0
1057	34	1	1	0.000000	1.029412	1.029412	0.000000	0.000000	0	0	0
1058	5	1	1	0.000000	1.000000	1.000000	0.000000	0.000000	0	0	0
1059	63	1	0	0.000000	1.047619	1.047619	0.000000	0.000000	0	0	0
1060	63	1	0	0.000000	1.000000	1.000000	0.000000	0.000000	0	0	0
1061	14	2	1	0.000000	1.857143	1.857143	0.000000	0.000000	0	0	0
1062	17	1	1	0.000000	1.000000	1.000000	0.000000	0.000000	0	0	0
1063	2	1	1	0.000000	1.000000	1.000000	0.000000	0.000000	0	0	0
1064	31	1	1	0.000000	1.000000	1.000000	0.000000	0.000000	0	0	0
1065	66	1	0	0.000000	1.000000	1.000000	0.000000	0.000000	0	0	0
1066	35	1	2	0.000000	1.028571	1.028571	0.000000	0.000000	0	0	0
1067	64	1	0	0.000000	1.000000	1.000000	0.000000	0.000000	0	0	0
1068	53	1	1	0.000000	1.000000	1.000000	0.000000	0.000000	0	0	0
1069	69	1	0	0.000000	1.000000	1.000000	0.000000	0.000000	0	0	0
1070	64	0	0	0.000000	1.000000	1.000000	0.000000	0.000000	0	0	0
1071	3	1	1	0.000000	1.000000	1.000000	0.000000	0.000000	0	0	0
1072	43	1	1	0.000000	1.000000	1.000000	0.000000	0.000000	0	0	0
1073	67	0	1	0.000000	1.164179	1.164179	0.000000	0.000000	0	0	0
1074	31	1	1	0.000000	2.548387	2.548387	0.000000	0.000000	0	0	0
1075	65	1	0	0.000000	1.000000	1.000000	0.000000	0.000000	0	0	0
1076	61	1	1	0.000000	1.000000	1.000000	0.000000	0.000000	0	0	0
1077	47	1	1	0.000000	1.000000	1.000000	0.000000	0.000000	0	0	0
1078	58	1	1	0.000000	1.000000	1.000000	0.000000	0.000000	0	0	0
1079	69	1	0	0.000000	1.000000	1.000000	0.000000	0.000000	0	0	0
1080	9	2	2	0.000000	20.666667	1.555556	0.000000	0.000000	0	0	0
1081	14	1	2	0.000000	18.071429	1.928571	0.000000	0.000000	0	0	0
1082	65	1	0	0.000000	1.000000	1.000000	0.000000	0.000000	0	0	0
1083	12	1	2	0.000000	20.416667	11.083333	0.000000	0.000000	0	0	0
1084	8	1	2	0.000000	19.875000	11.875000	0.000000	0.000000	0	0	0
1085	70	1	0	0.000000	1.142857	1.142857	0.000000	0.000000	0	0	0
1086	63	1	0	0.000000	1.015873	1.015873	0.000000	0.000000	0	0	0
1087	2	1	1	0.000000	1.000000	1.000000	0.000000	0.000000	0	0	0
1088	57	1	1	0.000000	1.333333	1.070175	0.000000	0.000000	0	0	0
1089	64	1	0	0.000000	1.000000	1.000000	0.000000	0.000000	0	0	0
1090	68	2	2	0.000000	15.014706	10.191176	0.000000	0.000000	0	0	0
1091	5	1	2	0.000000	19.200000	9.600000	0.000000	0.000000	0	0	0
1092	50	1	1	0.000000	1.000000	1.000000	0.000000	0.000000	0	0	0
1093	66	1	1	0.000000	1.000000	1.000000	0.000000	0.000000	0	0	0
1094	4	1	2	0.000000	1.750000	1.750000	0.000000	0.000000	0	0	0
1095	48	1	1	0.000000	1.000000	1.000000	0.000000	0.000000	0	0	0
1096	38	1	1	0.000000	1.000000	1.000000	0.000000	0.000000	0	0	0
1097	62	1	0	0.000000	1.000000	1.000000	0.000000	0.000000	0	0	0
1098	63	1	0	0.000000	1.000000	1.000000	0.000000	0.000000	0	0	0
1099	25	1	1	0.000000	1.280000	1.160000	0.000000	0.000000	0	0	0
1100	2	2	2	0.000000	12.500000	2.000000	0.000000	0.000000	0	0	0
1101	23	1	1	0.000000	1.000000	1.000000	0.000000	0.000000	0	0	0
1102	63	1	1	0.000000	1.000000	1.000000	0.000000	0.000000	0	0	0
1103	28	1	2	0.000000	1.571429	1.178571	0.000000	0.000000	0	0	0
1104	64	1	0	0.000000	1.000000	1.000000	0.000000	0.000000	0	0	0
1105	80	1	0	0.000000	1.012500	1.012500	0.000000	0.000000	0	0	0
1106	66	1	1	0.000000	1.227273	1.090909	0.000000	0.000000	0	0	0
1107	65	0	0	0.000000	1.000000	1.000000	0.000000	0.000000	0	0	0
1108	60	1	1	0.000000	1.000000	1.000000	0.000000	0.000000	0	0	0
1109	64	1	0	0.000000	1.000000	1.000000	0.000000	0.000000	0	0	0
1110	64	1	0	0.000000	1.000000	1.000000	0.000000	0.000000	0	0	0
1111	67	1	0	0.000000	1.000000	1.000000	0.000000	0.000000	0	0	0
1112	7	1	1	0.000000	25.000000	11.428571	0.000000	0.000000	0	0	0
1113	17	1	2	0.000000	22.000000	7.058824	0.000000	0.000000	0	0	0
1114	5	1	2	0.000000	11.600000	9.400000	0.000000	0.000000	0	0	0
1115	1	2	1	0.000000	10.000000	8.000000	0.000000	0.000000	0	0	0
1116	20	1	1	0.000000	11.650000	9.700000	0.000000	0.000000	0	0	0
1117	14	2	2	0.000000	14.357143	10.142857	0.000000	0.000000	0	0	0
1118	3	2	1	0.000000	17.000000	12.333333	0.000000	0.000000	0	0	0
1119	3	1	1	0.000000	22.666667	17.666667	0.000000	0.000000	0	0	0
1120	30	1	2	0.000000	30.300000	17.266667	0.000000	0.000000	0	0	0
1121	1	1	2	0.000000	30.000000	16.000000	0.000000	0.000000	0	0	0
1122	1	1	1	0.000000	13.000000	12.000000	0.000000	0.000000	0	0	0
1123	28	1	2	0.000000	11.285714	8.571429	0.000000	0.000000	0	0	0
1124	16	2	2	0.000000	20.375000	14.125000	0.000000	0.000000	0	0	0
1125	30	1	2	0.000000	18.800000	15.166667	0.000000	0.000000	0	0	0
1126	68	1	0	0.000000	1.000000	1.000000	0.000000	0.000000	0	0	0
1127	2	1	2	0.000000	17.000000	9.000000	0.000000	0.000000	0	0	0
1128	3	1	2	0.000000	22.333333	16.666667	0.000000	0.000000	0	0	0
1129	2	2	1	0.000000	12.000000	10.000000	0.000000	0.000000	0	0	0
1130	17	1	1	0.000000	12.588235	10.117647	0.000000	0.000000	0	0	0
1131	3	2	2	0.000000	16.000000	12.000000	0.000000	0.000000	0	0	0
1132	21	1	2	0.000000	20.000000	15.571429	0.000000	0.000000	0	0	0
1133	11	1	2	0.000000	22.545455	19.727273	0.000000	0.000000	0	0	0
1134	57	2	2	0.000000	19.333333	12.666667	0.000000	0.000000	0	0	0
1135	85	1	0	0.000000	1.058824	1.058824	0.000000	0.000000	0	0	0
1136	2	2	2	0.000000	14.000000	9.000000	0.000000	0.000000	0	0	0
1137	51	1	1	0.000000	1.000000	1.000000	0.000000	0.000000	0	0	0
1138	3	1	2	0.000000	12.666667	8.666667	0.000000	0.000000	0	0	0
1139	68	1	0	0.000000	1.000000	1.000000	0.000000	0.000000	0	0	0
1140	7	1	2	0.000000	18.571429	13.000000	0.000000	0.000000	0	0	0
1141	14	1	2	0.000000	19.142857	3.214286	0.000000	0.000000	0	0	0
1142	11	1	2	0.000000	21.454545	16.636364	0.000000	0.000000	0	0	0
1143	20	2	2	0.000000	21.350000	15.600000	0.000000	0.000000	0	0	0
1144	1	2	1	0.000000	15.000000	8.000000	0.000000	0.000000	0	0	0
1145	14	2	1	0.000000	16.357143	13.428571	0.000000	0.000000	0	0	0
1146	1	3	1	0.000000	20.000000	20.000000	0.000000	0.000000	0	0	0
1147	1	1	1	0.000000	17.000000	17.000000	0.000000	0.000000	0	0	0
1148	65	1	0	0.000000	1.000000	1.000000	0.000000	0.000000	0	0	0
1149	21	2	2	0.000000	15.333333	10.666667	0.000000	0.000000	0	0	0
1150	1	2	1	0.000000	24.000000	13.000000	0.000000	0.000000	0	0	0
1151	3	1	1	0.000000	24.666667	14.000000	0.000000	0.000000	0	0	0
1152	14	1	2	0.000000	24.714286	3.500000	0.000000	0.000000	0	0	0
1153	1	1	2	0.000000	27.000000	20.000000	0.000000	0.000000	0	0	0
1154	2	1	1	0.000000	1.000000	1.000000	0.000000	0.000000	0	0	0
1155	2	1	2	0.000000	26.500000	2.000000	0.000000	0.000000	0	0	0
1156	8	1	1	0.000000	16.375000	11.875000	0.000000	0.000000	0	0	0
1157	7	1	2	0.000000	19.571429	12.285714	0.000000	0.000000	0	0	0
1158	6	1	2	0.000000	19.333333	12.000000	0.000000	0.000000	0	0	0
1159	10	1	2	0.000000	20.400000	14.200000	0.000000	0.000000	0	0	0
1160	47	1	1	0.000000	20.234043	15.553191	0.000000	0.000000	0	0	0
1161	2	2	2	0.000000	28.000000	20.500000	0.000000	0.000000	0	0	0
1162	18	1	1	0.000000	24.388889	12.000000	0.000000	0.000000	0	0	0
1163	12	1	1	0.000000	18.416667	13.083333	0.000000	0.000000	0	0	0
1164	11	1	2	0.000000	27.545455	15.636364	0.000000	0.000000	0	0	0
1165	10	1	1	0.000000	27.200000	14.100000	0.000000	0.000000	0	0	0
1166	2	1	2	0.000000	13.000000	11.000000	0.000000	0.000000	0	0	0
1167	50	1	1	0.000000	13.320000	7.740000	0.000000	0.000000	0	0	0
1168	11	1	1	0.000000	1.000000	1.000000	0.000000	0.000000	0	0	0
1169	17	1	2	0.000000	14.941176	9.705882	0.000000	0.000000	0	0	0
1170	25	2	1	0.000000	14.600000	10.280000	0.000000	0.000000	0	0	0
1171	25	2	2	0.000000	22.400000	14.200000	0.000000	0.000000	0	0	0
1172	32	1	1	0.000000	1.031250	1.031250	0.000000	0.000000	0	0	0
1173	3	2	1	0.000000	24.666667	12.000000	0.000000	0.000000	0	0	0
1174	10	3	1	0.000000	20.900000	11.000000	0.000000	0.000000	0	0	0
1175	2	2	2	0.000000	19.500000	12.000000	0.000000	0.000000	0	0	0
1176	19	1	1	0.000000	19.052632	13.000000	0.000000	0.000000	0	0	0
1177	33	1	2	0.000000	20.151515	3.030303	0.000000	0.000000	0	0	0
1178	21	1	1	0.000000	20.714286	11.666667	0.000000	0.000000	0	0	0
1179	12	1	2	0.000000	23.250000	11.333333	0.000000	0.000000	0	0	0
1180	29	1	2	0.000000	25.862069	15.379310	0.000000	0.000000	0	0	0
1181	65	1	0	0.000000	1.000000	1.000000	0.000000	0.000000	0	0	0
1182	26	2	2	0.000000	22.461538	15.423077	0.000000	0.000000	0	0	0
1183	13	2	1	0.000000	17.615385	9.307692	0.000000	0.000000	0	0	0
1184	21	2	1	0.000000	21.238095	13.000000	0.000000	0.000000	0	0	0
1185	2	1	2	0.000000	17.000000	2.000000	0.000000	0.000000	0	0	0
1186	38	1	2	0.000000	24.131579	14.210526	0.000000	0.000000	0	0	0
1187	64	1	0	0.000000	1.000000	1.000000	0.000000	0.000000	0	0	0
1188	68	1	0	0.000000	1.000000	1.000000	0.000000	0.000000	0	0	0
1189	62	1	0	0.000000	1.000000	1.000000	0.000000	0.000000	0	0	0
1190	65	1	0	0.000000	1.000000	1.000000	0.000000	0.000000	0	0	0
1191	83	1	0	0.000000	10.578313	7.506024	0.000000	0.000000	0	0	0
1192	15	1	2	0.000000	22.466667	17.400000	0.000000	0.000000	0	0	0
1193	23	1	1	0.000000	1.000000	1.000000	0.000000	0.000000	0	0	0
1194	18	2	2	0.000000	22.000000	8.444444	0.000000	0.000000	0	0	0
1195	42	1	1	0.000000	1.000000	1.000000	0.000000	0.000000	0	0	0
1196	65	1	0	0.000000	1.000000	1.000000	0.000000	0.000000	0	0	0
1197	8	1	1	0.000000	1.000000	1.000000	0.000000	0.000000	0	0	0
1198	69	1	0	0.000000	1.000000	1.000000	0.000000	0.000000	0	0	0
1199	13	3	2	0.000000	20.461538	11.000000	0.000000	0.000000	0	0	0
1200	6	1	1	0.000000	1.000000	1.000000	0.000000	0.000000	0	0	0
1201	41	1	2	0.000000	1.195122	1.195122	0.000000	0.000000	0	0	0
1202	43	1	2	0.000000	19.534884	14.186047	0.000000	0.000000	0	0	0
1203	48	1	2	0.000000	20.437500	14.520833	0.000000	0.000000	0	0	0
1204	48	1	1	0.000000	1.145833	1.145833	0.000000	0.000000	0	0	0
1205	65	1	0	0.000000	1.000000	1.000000	0.000000	0.000000	0	0	0
1206	55	1	1	0.000000	1.000000	1.000000	0.000000	0.000000	0	0	0
1207	5	2	2	0.000000	20.800000	2.000000	0.000000	0.000000	0	0	0
1208	62	1	1	0.000000	1.000000	1.000000	0.000000	0.000000	0	0	0
1209	67	1	0	0.000000	1.000000	1.000000	0.000000	0.000000	0	0	0
1210	10	1	1	0.000000	1.000000	1.000000	0.000000	0.000000	0	0	0
1211	26	1	1	0.000000	1.000000	1.000000	0.000000	0.000000	0	0	0
1212	3	2	1	0.000000	20.000000	1.000000	0.000000	0.000000	0	0	0
1213	67	1	0	0.000000	1.000000	1.000000	0.000000	0.000000	0	0	0
1214	63	1	1	0.000000	1.000000	1.000000	0.000000	0.000000	0	0	0
1215	64	1	0	0.000000	1.000000	1.000000	0.000000	0.000000	0	0	0
1216	14	1	1	0.000000	1.000000	1.000000	0.000000	0.000000	0	0	0
1217	8	1	1	0.000000	1.000000	1.000000	0.000000	0.000000	0	0	0
1218	62	0	0	0.000000	1.000000	1.000000	0.000000	0.000000	0	0	0
1219	20	1	1	0.000000	1.000000	1.000000	0.000000	0.000000	0	0	0
1220	26	1	2	0.000000	1.653846	1.653846	0.000000	0.000000	0	0	0
1221	12	1	2	0.000000	18.583333	9.333333	0.000000	0.000000	0	0	0
1222	68	1	0	0.000000	1.000000	1.000000	0.000000	0.000000	0	0	0
1223	4	1	1	0.000000	1.000000	1.000000	0.000000	0.000000	0	0	0
1224	63	0	0	0.000000	1.000000	1.000000	0.000000	0.000000	0	0	0
1225	64	1	0	0.000000	1.156250	1.156250	0.000000	0.000000	0	0	0
1226	57	1	1	0.000000	16.403509	11.912281	0.000000	0.000000	0	0	0
1227	70	0	0	0.000000	1.057143	1.057143	0.000000	0.000000	0	0	0
1228	63	0	0	0.000000	1.000000	1.000000	0.000000	0.000000	0	0	0
1229	64	1	0	0.000000	1.000000	1.000000	0.000000	0.000000	0	0	0
1230	3	1	1	0.000000	12.333333	2.000000	0.000000	0.000000	0	0	0
1231	6	1	2	0.000000	19.333333	2.166667	0.000000	0.000000	0	0	0
1232	68	1	0	0.000000	1.000000	1.000000	0.000000	0.000000	0	0	0
1233	50	1	1	0.000000	1.000000	1.000000	0.000000	0.000000	0	0	0
1234	39	1	1	0.000000	1.000000	1.000000	0.000000	0.000000	0	0	0
1235	17	1	1	0.000000	1.000000	1.000000	0.000000	0.000000	0	0	0
1236	5	1	1	0.000000	1.000000	1.000000	0.000000	0.000000	0	0	0
1237	64	1	0	0.000000	1.000000	1.000000	0.000000	0.000000	0	0	0
1238	63	1	0	0.000000	1.000000	1.000000	0.000000	0.000000	0	0	0
1239	31	1	1	0.000000	1.709677	1.032258	0.000000	0.000000	0	0	0
1240	63	1	0	0.000000	1.000000	1.000000	0.000000	0.000000	0	0	0
1241	62	0	0	0.000000	1.000000	1.000000	0.000000	0.000000	0	0	0
1242	66	1	0	0.000000	1.000000	1.000000	0.000000	0.000000	0	0	0
1243	62	1	0	0.000000	1.000000	1.000000	0.000000	0.000000	0	0	0
1244	67	1	0	0.000000	1.000000	1.000000	0.000000	0.000000	0	0	0
1245	64	1	0	0.000000	1.000000	1.000000	0.000000	0.000000	0	0	0
1246	69	1	0	0.000000	1.000000	1.000000	0.000000	0.000000	0	0	0
1247	62	1	0	0.000000	1.000000	1.000000	0.000000	0.000000	0	0	0
1248	1	1	1	0.000000	1.000000	1.000000	0.000000	0.000000	0	0	0
1249	67	1	0	0.000000	1.000000	1.000000	0.000000	0.000000	0	0	0
1250	15	1	1	0.000000	1.000000	1.000000	0.000000	0.000000	0	0	0
1251	6	1	1	0.000000	1.000000	1.000000	0.000000	0.000000	0	0	0
1252	64	1	1	0.000000	1.000000	1.000000	0.000000	0.000000	0	0	0
1253	45	1	1	0.000000	1.000000	1.000000	0.000000	0.000000	0	0	0
1254	43	1	1	0.000000	1.000000	1.000000	0.000000	0.000000	0	0	0
1255	66	1	0	0.000000	1.000000	1.000000	0.000000	0.000000	0	0	0
1256	15	1	1	0.000000	1.000000	1.000000	0.000000	0.000000	0	0	0
